Sample	0	1	2	3	4	5	6	7	8	9	10	11	12	13	14	15	16	17	18	19	20	21	22	23	24	25	26	27	28	29	30	31	32	33	34	35	36
mehreen_1002_MERGE_1_val_1	(1, 38.07686774478345)	(2, 38.624487839321326)	(3, 38.778027553187876)	(4, 39.03842076015631)	(5, 39.06342981123007)	(6, 39.24438712251228)	(7, 39.266300959763534)	(8, 39.304259231404494)	(9, 39.32126661383775)	(10, 39.269910908952)	(15, 39.500389462600275)	(20, 39.480744150010025)	(25, 39.47322559311474)	(30, 39.42724372651143)	(35, 39.51405101621696)	(40, 39.48188999909654)	(45, 39.411345308272125)	(50, 39.3947037831036)	(55, 39.40502681612294)	(60, 39.40723829471649)	(65, 39.42638908296625)	(70, 39.3900380118951)	(75, 39.386395981191704)	(80, 39.369683874468095)	(85, 39.331903547785835)	(90, 39.37893019958002)	(95, 39.32813769112324)	(100, 39.33376125428024)	(105, 39.30524220812485)	(110, 39.28742480748897)	(115, 39.23115575012447)	(120, 39.205833640926954)	(125, 39.19797086950653)	(130, 39.17590599943312)	(135, 39.20173683091977)	(140, 39.1146029818455)	(145, 39.28556661795997)
mehreen_1002_MERGE_2_val_2	(1, 38.619001588451404)	(2, 38.66532355589489)	(3, 38.85583168998842)	(4, 39.12124644894062)	(5, 39.14452304294992)	(6, 39.261263824665555)	(7, 39.29861009199421)	(8, 39.35351696599324)	(9, 39.347741567044594)	(10, 39.33336115032371)	(15, 39.38863266919532)	(20, 39.3747391574055)	(25, 39.39930362339142)	(30, 39.40644292983684)	(35, 39.37335662133151)	(40, 39.35892849441342)	(45, 39.33749414949897)	(50, 39.329237852521445)	(55, 39.280218169643916)	(60, 39.26465291323994)	(65, 39.27645801723695)	(70, 39.23362684993087)	(75, 39.286431070381056)	(80, 39.269775337917324)	(85, 39.260788067354696)	(90, 39.20727083155391)	(95, 39.203755558648766)	(100, 39.23478113504321)	(105, 39.16078479613903)	(110, 39.21358176085578)	(115, 39.16012074562955)	(120, 39.12048689476576)	(125, 39.08695006769989)	(130, 39.08601063785418)	(135, 39.02609756495436)	(140, 39.05697677498643)	(145, 39.12607302030741)
mehreen_1003_MERGE_1_val_1	(1, 38.27281630616412)	(2, 38.52501724783008)	(3, 38.69250227261828)	(4, 38.903767543975455)	(5, 39.1687370349395)	(6, 39.16629345613465)	(7, 39.20991567468069)	(8, 39.175360596849465)	(9, 39.267473062221335)	(10, 39.2584297568312)	(15, 39.493266044792804)	(20, 39.5018652652672)	(25, 39.48739502102849)	(30, 39.44327063565602)	(35, 39.51357703338759)	(40, 39.4756674737104)	(45, 39.39726216305681)	(50, 39.391034770691356)	(55, 39.38107539054021)	(60, 39.390900487242575)	(65, 39.40442551608473)	(70, 39.36408597480079)	(75, 39.384795907722165)	(80, 39.3670135412212)	(85, 39.34293911009517)	(90, 39.37484574316121)	(95, 39.31624438430372)	(100, 39.32254548673829)	(105, 39.30888566714115)	(110, 39.29607157105567)	(115, 39.24252958593777)	(120, 39.228777717818176)	(125, 39.23710294888498)	(130, 39.20871053670774)	(135, 39.22244375150808)	(140, 39.16550524692783)	(145, 39.304812979459356)
mehreen_1003_MERGE_2_val_2	(1, 38.527277346724226)	(2, 38.5924641935766)	(3, 38.80266603584783)	(4, 39.06478911844683)	(5, 39.095310440285324)	(6, 39.208514761107004)	(7, 39.24915386393604)	(8, 39.30437946699041)	(9, 39.29952749657064)	(10, 39.30948179633209)	(15, 39.36924999196209)	(20, 39.352117833985886)	(25, 39.35927072323348)	(30, 39.356808378400785)	(35, 39.32473457036997)	(40, 39.30931678361709)	(45, 39.28404706813988)	(50, 39.2747878993701)	(55, 39.22271573956673)	(60, 39.2257726352329)	(65, 39.24387505469771)	(70, 39.24218899033834)	(75, 39.24237883140438)	(80, 39.21848668035525)	(85, 39.190893413829045)	(90, 39.162116517796974)	(95, 39.14181254797298)	(100, 39.16109541651701)	(105, 39.09567276591059)	(110, 39.13062809437316)	(115, 39.07358696394494)	(120, 39.048486062012195)	(125, 39.00917145452528)	(130, 38.994025129194426)	(135, 38.93621680877853)	(140, 38.9483434810247)	(145, 39.04395653471377)
mehreen_1004_MERGE_1_val_1	(1, 37.58239591267187)	(2, 38.585707475375706)	(3, 38.67234787491108)	(4, 38.82295851148677)	(5, 38.992746637340026)	(6, 38.95544607209813)	(7, 38.97837879830993)	(8, 39.092078745792826)	(9, 39.21134365404449)	(10, 39.240255682215135)	(15, 39.505662139005594)	(20, 39.50599112198721)	(25, 39.48997247733227)	(30, 39.46235308466034)	(35, 39.521250896569846)	(40, 39.47482301099235)	(45, 39.402975241506496)	(50, 39.38784683236714)	(55, 39.374100619678906)	(60, 39.3807578626744)	(65, 39.3886905546111)	(70, 39.349002700996586)	(75, 39.37007037687907)	(80, 39.34593358142142)	(85, 39.31016298599756)	(90, 39.335466975804586)	(95, 39.27361329017271)	(100, 39.28897618225254)	(105, 39.26473467555023)	(110, 39.252407152123354)	(115, 39.204239214895026)	(120, 39.183581322979364)	(125, 39.1708209415243)	(130, 39.17005458503024)	(135, 39.17102462312534)	(140, 39.11021520191863)	(145, 39.24593281120508)
mehreen_1004_MERGE_2_val_2	(1, 38.65836787642703)	(2, 38.71732840705757)	(3, 38.88285389282989)	(4, 39.13787488593171)	(5, 39.17017502129786)	(6, 39.29101835071455)	(7, 39.30935816024637)	(8, 39.36801665100052)	(9, 39.36714048381661)	(10, 39.36692786507534)	(15, 39.41942828430053)	(20, 39.38757134515831)	(25, 39.38590899993682)	(30, 39.374413884495375)	(35, 39.33457728407682)	(40, 39.31361156025409)	(45, 39.28201696748097)	(50, 39.28951768690331)	(55, 39.24650611877802)	(60, 39.252256917082754)	(65, 39.268024967721246)	(70, 39.27336008983618)	(75, 39.26614556146356)	(80, 39.23764814816351)	(85, 39.210107428510675)	(90, 39.18334396249587)	(95, 39.16660151187924)	(100, 39.177950497765735)	(105, 39.11099656655634)	(110, 39.148492256537)	(115, 39.092660346565346)	(120, 39.06305826687407)	(125, 39.00690834838105)	(130, 38.99336748809823)	(135, 38.930108616424015)	(140, 38.939297675468616)	(145, 39.03233923791882)
mehreen_1005_MERGE_1_val_1	(1, 38.18458069749338)	(2, 38.795694132330574)	(3, 38.87298493787673)	(4, 38.951711553173645)	(5, 39.10361666964875)	(6, 39.21909045242412)	(7, 39.28563310217042)	(8, 39.309306537544686)	(9, 39.32013753020641)	(10, 39.29293339688635)	(15, 39.51105312271327)	(20, 39.50496117193752)	(25, 39.48626164086136)	(30, 39.45194017615505)	(35, 39.51226839386409)	(40, 39.475042020326775)	(45, 39.39869420073343)	(50, 39.39423264758906)	(55, 39.38771136700881)	(60, 39.39541396264541)	(65, 39.401836869623985)	(70, 39.35925190415515)	(75, 39.37404250889686)	(80, 39.3576291856274)	(85, 39.333712338656184)	(90, 39.3665308662577)	(95, 39.303668526460115)	(100, 39.314712366872094)	(105, 39.29649093536899)	(110, 39.29199926746777)	(115, 39.23072085878134)	(120, 39.21002063178809)	(125, 39.20262170388291)	(130, 39.192486319073836)	(135, 39.20919974612322)	(140, 39.13787314307925)	(145, 39.28415745103995)
mehreen_1005_MERGE_2_val_2	(1, 38.5584723166388)	(2, 38.62254587040147)	(3, 38.80523153603418)	(4, 39.049794659153164)	(5, 39.085011592198626)	(6, 39.20204422869629)	(7, 39.23425456018676)	(8, 39.306485326521134)	(9, 39.29986919189693)	(10, 39.30368112069693)	(15, 39.358183768236586)	(20, 39.3316343913455)	(25, 39.341875270105916)	(30, 39.33000113917264)	(35, 39.288782233237434)	(40, 39.273521240890034)	(45, 39.253130805830985)	(50, 39.251089361624544)	(55, 39.20058151770597)	(60, 39.21430216553026)	(65, 39.22473777302828)	(70, 39.221516667561076)	(75, 39.21183962630106)	(80, 39.19277760124932)	(85, 39.16115283571361)	(90, 39.128833064833145)	(95, 39.09930712092263)	(100, 39.12397189100612)	(105, 39.05244532409557)	(110, 39.095712476600966)	(115, 39.02717344282671)	(120, 38.99102246010402)	(125, 38.942306868083975)	(130, 38.934786947861085)	(135, 38.86248026270404)	(140, 38.867969950279885)	(145, 38.96947443312743)
mehreen_1006_MERGE_1_val_1	(1, 38.32942384490355)	(2, 38.871753025516526)	(3, 38.912746410123034)	(4, 38.98577642461176)	(5, 39.170322539976354)	(6, 39.22983235783732)	(7, 39.227899259827865)	(8, 39.267366438157524)	(9, 39.26069463255489)	(10, 39.26408218478089)	(15, 39.4891275845592)	(20, 39.47874906867342)	(25, 39.46134926144985)	(30, 39.42593898765341)	(35, 39.48923056256145)	(40, 39.4460362546749)	(45, 39.36259098454165)	(50, 39.35922756774411)	(55, 39.32903628336411)	(60, 39.344237818402476)	(65, 39.36101964294774)	(70, 39.329842027208116)	(75, 39.34279212301495)	(80, 39.31941818810302)	(85, 39.292403477558345)	(90, 39.31338685373014)	(95, 39.25764932419639)	(100, 39.2815790720469)	(105, 39.26453384310871)	(110, 39.259355367367235)	(115, 39.21203218735333)	(120, 39.15579363877747)	(125, 39.164066384768304)	(130, 39.159743338030815)	(135, 39.15839590237381)	(140, 39.094172954918065)	(145, 39.24883606288426)
mehreen_1006_MERGE_2_val_2	(1, 39.09090487646829)	(2, 39.071223235608805)	(3, 39.12780318198703)	(4, 39.29422855103962)	(5, 39.27446476328335)	(6, 39.368803403326915)	(7, 39.38019250321132)	(8, 39.41248002464744)	(9, 39.39910393766473)	(10, 39.38603592806902)	(15, 39.40837130055772)	(20, 39.35334806557275)	(25, 39.33407649740474)	(30, 39.30982109057392)	(35, 39.2713749850178)	(40, 39.24396162734281)	(45, 39.20444841607345)	(50, 39.21699634805453)	(55, 39.180934131942855)	(60, 39.187513799247114)	(65, 39.21161032819354)	(70, 39.215906351448254)	(75, 39.205875065230586)	(80, 39.17333458575035)	(85, 39.14061713198097)	(90, 39.11290008593229)	(95, 39.09052329987323)	(100, 39.109560264048774)	(105, 39.0258267041264)	(110, 39.06959010701836)	(115, 39.00944920839028)	(120, 38.984315011246615)	(125, 38.91943004872875)	(130, 38.909193003462505)	(135, 38.83650871539755)	(140, 38.84015255969529)	(145, 38.9383582166969)
mehreen_1007_MERGE_1_val_1	(1, 38.09618301721045)	(2, 38.742552473570996)	(3, 38.76297901410666)	(4, 39.0313385687596)	(5, 39.14637339795426)	(6, 39.22273983183712)	(7, 39.26878370902201)	(8, 39.234969571957066)	(9, 39.29003124994477)	(10, 39.26367970927653)	(15, 39.501389551418356)	(20, 39.50261700642152)	(25, 39.47775362568082)	(30, 39.44395670412278)	(35, 39.50402735777801)	(40, 39.46815597453508)	(45, 39.39774545977614)	(50, 39.378999676236276)	(55, 39.38370017647204)	(60, 39.39148311865157)	(65, 39.39543642414613)	(70, 39.355650456919705)	(75, 39.363492249602686)	(80, 39.363807497239016)	(85, 39.33511676429336)	(90, 39.362847151421796)	(95, 39.297375643410575)	(100, 39.30679120677212)	(105, 39.280519286699416)	(110, 39.2818881202637)	(115, 39.22672916026361)	(120, 39.221561500388944)	(125, 39.20901022472982)	(130, 39.20897250198349)	(135, 39.19773991513608)	(140, 39.135875608205005)	(145, 39.27021016542264)
mehreen_1007_MERGE_2_val_2	(1, 38.459165548703425)	(2, 38.51074398906959)	(3, 38.733276754672026)	(4, 39.02304660448493)	(5, 39.07127301104177)	(6, 39.17940098380765)	(7, 39.215105176921)	(8, 39.292958333996154)	(9, 39.314518886950495)	(10, 39.31518824733412)	(15, 39.37983552065272)	(20, 39.36785635224679)	(25, 39.37861768360341)	(30, 39.37278596976268)	(35, 39.33882247831445)	(40, 39.33138058758781)	(45, 39.31406019799956)	(50, 39.31791276243115)	(55, 39.27447722033561)	(60, 39.28871590221463)	(65, 39.28416893096725)	(70, 39.284352733311394)	(75, 39.27411330273311)	(80, 39.25656805793434)	(85, 39.23254438088672)	(90, 39.2067513031678)	(95, 39.188329468975034)	(100, 39.199959726385075)	(105, 39.1376351296795)	(110, 39.160812674371)	(115, 39.11264449951058)	(120, 39.08803458746524)	(125, 39.04731169888573)	(130, 39.030520953188514)	(135, 38.992403345942975)	(140, 38.99465241139056)	(145, 39.09793445462572)
mehreen_1009_MERGE_1_val_1	(1, 38.20580057908809)	(2, 38.737923528257305)	(3, 38.76978261257427)	(4, 38.99749559694246)	(5, 39.189532778883674)	(6, 39.22600308150308)	(7, 39.21768600528622)	(8, 39.26785802401482)	(9, 39.27235055729582)	(10, 39.26493969276726)	(15, 39.49238709438983)	(20, 39.49630764568402)	(25, 39.483455770235324)	(30, 39.43336966798681)	(35, 39.50417207551297)	(40, 39.466620124254995)	(45, 39.404340190436415)	(50, 39.388598036576745)	(55, 39.37896726020502)	(60, 39.395883104878955)	(65, 39.405730188828436)	(70, 39.36614116136081)	(75, 39.380582505076035)	(80, 39.369520253003444)	(85, 39.34496097235573)	(90, 39.37260517940099)	(95, 39.318443857511724)	(100, 39.33179805767626)	(105, 39.301839096056526)	(110, 39.29402467704785)	(115, 39.237468610677695)	(120, 39.22786645401253)	(125, 39.23897870102894)	(130, 39.22036663889921)	(135, 39.22345870599301)	(140, 39.159128559067)	(145, 39.29618433266234)
mehreen_1009_MERGE_2_val_2	(1, 38.691708857855794)	(2, 38.7149978590053)	(3, 38.87887963531724)	(4, 39.104289087808816)	(5, 39.138880348982134)	(6, 39.251444534218955)	(7, 39.26508730925394)	(8, 39.33244827841087)	(9, 39.317324075230474)	(10, 39.3303963541919)	(15, 39.38250074042734)	(20, 39.36297426484684)	(25, 39.37292095086595)	(30, 39.36476462471975)	(35, 39.326514118201544)	(40, 39.31561152421718)	(45, 39.28801278135216)	(50, 39.28665472496332)	(55, 39.24020376504814)	(60, 39.24860390553176)	(65, 39.256243479730685)	(70, 39.25260622215742)	(75, 39.24466834876728)	(80, 39.22400634599478)	(85, 39.20260731246787)	(90, 39.17943324953439)	(95, 39.15487840003441)	(100, 39.16753819352006)	(105, 39.10450124620127)	(110, 39.13355439703374)	(115, 39.07173171697987)	(120, 39.03859970358014)	(125, 38.99262117201046)	(130, 38.97625300079661)	(135, 38.920077159905006)	(140, 38.92582613514685)	(145, 39.02379028543472)
mehreen_1011_MERGE_1_val_1	(1, 38.183192471597074)	(2, 38.80281750385352)	(3, 38.87580076757685)	(4, 38.91989499125746)	(5, 39.11550167651882)	(6, 39.0937324520824)	(7, 39.260024068090225)	(8, 39.19625369161621)	(9, 39.28118917850482)	(10, 39.29419892178767)	(15, 39.52677646797192)	(20, 39.52304379117647)	(25, 39.503238623190505)	(30, 39.470875280821005)	(35, 39.52440597562552)	(40, 39.48533981825349)	(45, 39.4216316283456)	(50, 39.40401480263355)	(55, 39.39583186371464)	(60, 39.40785898946449)	(65, 39.405297303454326)	(70, 39.37593929668221)	(75, 39.38967857007113)	(80, 39.366072208623834)	(85, 39.33670492515188)	(90, 39.354459375406485)	(95, 39.29542016552368)	(100, 39.308134965388)	(105, 39.28739942121585)	(110, 39.28406741514302)	(115, 39.23275810365184)	(120, 39.20286162229105)	(125, 39.18418877333735)	(130, 39.18290007137662)	(135, 39.18304444383682)	(140, 39.1182437247689)	(145, 39.27470753304748)
mehreen_1011_MERGE_2_val_2	(1, 38.591018844145424)	(2, 38.63922869849122)	(3, 38.80102629628014)	(4, 39.06941429510035)	(5, 39.111340823383486)	(6, 39.21829815422418)	(7, 39.20533319706731)	(8, 39.28431147319892)	(9, 39.28269573830833)	(10, 39.2710151853849)	(15, 39.31548087151106)	(20, 39.2753787836893)	(25, 39.27622481149977)	(30, 39.258362041236694)	(35, 39.22604994464575)	(40, 39.19817375767386)	(45, 39.16238681704256)	(50, 39.173154141495914)	(55, 39.13645002552727)	(60, 39.13423225301134)	(65, 39.13683134297677)	(70, 39.14908571357565)	(75, 39.13673610368236)	(80, 39.11934738054936)	(85, 39.08916480749827)	(90, 39.06579294315074)	(95, 39.04584176312112)	(100, 39.060416256034564)	(105, 38.97773790976132)	(110, 39.01460765624178)	(115, 38.9630208205741)	(120, 38.9280896453037)	(125, 38.87346610296985)	(130, 38.85222170597784)	(135, 38.80847914972882)	(140, 38.8353748009747)	(145, 38.950775688441745)
mehreen_1014_MERGE_1_val_1	(1, 38.28125608463938)	(2, 38.76233464295283)	(3, 38.790781533539885)	(4, 38.89087581739174)	(5, 39.06921871684755)	(6, 39.1430377717254)	(7, 39.170284100859945)	(8, 39.250431693631235)	(9, 39.220289939753314)	(10, 39.234301313788684)	(15, 39.49811459804415)	(20, 39.46189686452088)	(25, 39.4520840726329)	(30, 39.386623906671865)	(35, 39.459780163873646)	(40, 39.442274958112904)	(45, 39.41151878887908)	(50, 39.3780431073929)	(55, 39.371856942564776)	(60, 39.4012601882707)	(65, 39.39108868622044)	(70, 39.373092004272706)	(75, 39.37702892840694)	(80, 39.35289317078529)	(85, 39.313457041971425)	(90, 39.329828470254576)	(95, 39.298442468832874)	(100, 39.29095341562252)	(105, 39.26020226813605)	(110, 39.24873447555713)	(115, 39.19293019603398)	(120, 39.161060150904085)	(125, 39.14101698946659)	(130, 39.109444362028455)	(135, 39.11399258394689)	(140, 39.009563415980786)	(145, 39.207612349299254)
mehreen_1014_MERGE_2_val_2	(1, 39.00526916662936)	(2, 38.99495944127542)	(3, 39.050459541289676)	(4, 39.239375018435204)	(5, 39.24235781550199)	(6, 39.34388460055265)	(7, 39.36003383662086)	(8, 39.33038150937995)	(9, 39.36938612508803)	(10, 39.24437041300409)	(15, 39.22829887148531)	(20, 39.20440107965382)	(25, 39.25547843909016)	(30, 39.258027226746364)	(35, 39.247449006321894)	(40, 39.24796746825067)	(45, 39.22910606095682)	(50, 39.2486320041251)	(55, 39.22153658519563)	(60, 39.198703351182075)	(65, 39.177564703919394)	(70, 39.15172078183173)	(75, 39.19138202984534)	(80, 39.16779682835547)	(85, 39.18616259387413)	(90, 39.139381661399966)	(95, 39.14717969282274)	(100, 39.154891114071155)	(105, 39.07445974001451)	(110, 39.098307926039126)	(115, 39.06965111553211)	(120, 39.05071944158844)	(125, 39.001185428818836)	(130, 38.99606485366934)	(135, 38.9600258520935)	(140, 38.97682144699387)	(145, 39.05774866755125)
mehreen_1015_MERGE_1_val_1	(1, 38.349745594163124)	(2, 38.79132225266776)	(3, 38.81295686701738)	(4, 39.02528580997819)	(5, 39.11692715778474)	(6, 39.21819721176434)	(7, 39.24910534525934)	(8, 39.2925064336779)	(9, 39.316523995347346)	(10, 39.29673602254683)	(15, 39.51711722953365)	(20, 39.497489425468174)	(25, 39.4851172415916)	(30, 39.45171950572531)	(35, 39.51689569122668)	(40, 39.48426351785932)	(45, 39.4421567155809)	(50, 39.3951905017335)	(55, 39.412113014801704)	(60, 39.42482747457297)	(65, 39.42693605652134)	(70, 39.39871271606896)	(75, 39.40657923403795)	(80, 39.382829956822455)	(85, 39.35633806229122)	(90, 39.36756643097139)	(95, 39.32523812055419)	(100, 39.32078224001768)	(105, 39.29956251339971)	(110, 39.29351382857328)	(115, 39.242989789976626)	(120, 39.215250712000646)	(125, 39.1981947941401)	(130, 39.172762475284024)	(135, 39.18938175315213)	(140, 39.10469476864363)	(145, 39.27752239407681)
mehreen_1015_MERGE_2_val_2	(1, 38.766813903740896)	(2, 38.794502211260586)	(3, 38.89761664633695)	(4, 39.14220143676503)	(5, 39.15758369378578)	(6, 39.24713907465262)	(7, 39.27980531531372)	(8, 39.30028252424927)	(9, 39.32296414513568)	(10, 39.24192095768692)	(15, 39.244711617949974)	(20, 39.212820181457296)	(25, 39.243410742252934)	(30, 39.24343878347916)	(35, 39.222170694750766)	(40, 39.20815926455616)	(45, 39.18387124143009)	(50, 39.181538025921256)	(55, 39.14720996013635)	(60, 39.142856785922106)	(65, 39.14071021775904)	(70, 39.12823845486865)	(75, 39.15346961298446)	(80, 39.141562243836816)	(85, 39.13117848502232)	(90, 39.09190514593988)	(95, 39.08005777237218)	(100, 39.10108341842083)	(105, 39.0322189761582)	(110, 39.06414573176753)	(115, 39.022930298302086)	(120, 39.000079730344076)	(125, 38.95227787899029)	(130, 38.93947280664983)	(135, 38.90544109268579)	(140, 38.92313796912058)	(145, 39.02197731748644)
mehreen_1016_MERGE_1_val_1	(1, 37.77205492896564)	(2, 38.56021359241442)	(3, 38.605282709388284)	(4, 38.78411986745212)	(5, 39.04303173657639)	(6, 39.09802877309496)	(7, 39.11033170541853)	(8, 39.0725144757316)	(9, 39.213238559492474)	(10, 39.22435120755225)	(15, 39.48582396374892)	(20, 39.46768455376629)	(25, 39.468901179247766)	(30, 39.40415619243187)	(35, 39.5125574754568)	(40, 39.479685979228684)	(45, 39.43392526773292)	(50, 39.38609183471782)	(55, 39.38955125196929)	(60, 39.40287443445086)	(65, 39.40135692173349)	(70, 39.38772880989757)	(75, 39.39041170218885)	(80, 39.37786295602156)	(85, 39.33542486068568)	(90, 39.38848886163348)	(95, 39.330449809520665)	(100, 39.32406839256969)	(105, 39.28691003910019)	(110, 39.2650890936193)	(115, 39.215861121717396)	(120, 39.16978292832903)	(125, 39.15924453704433)	(130, 39.13816263608892)	(135, 39.16000735951194)	(140, 39.0649083796534)	(145, 39.23112625625262)
mehreen_1016_MERGE_2_val_2	(1, 38.70623045411176)	(2, 38.711083338793195)	(3, 38.8450285915161)	(4, 39.109167899701546)	(5, 39.127473543314245)	(6, 39.23299632545851)	(7, 39.266216581889815)	(8, 39.31537948400994)	(9, 39.330400505569145)	(10, 39.29116694284049)	(15, 39.33810511658034)	(20, 39.32185675208071)	(25, 39.37803401811625)	(30, 39.37750837363569)	(35, 39.34914742684712)	(40, 39.34735878460783)	(45, 39.32633528395057)	(50, 39.348840585917024)	(55, 39.33407539208638)	(60, 39.31080205768012)	(65, 39.27972974711734)	(70, 39.19877618010625)	(75, 39.269455110068996)	(80, 39.24520633901225)	(85, 39.25801895659979)	(90, 39.20658839403632)	(95, 39.22864748537862)	(100, 39.25012232037821)	(105, 39.18755699082976)	(110, 39.218792762004924)	(115, 39.185495998510596)	(120, 39.157797109916416)	(125, 39.128716157377085)	(130, 39.12366856135702)	(135, 39.082660902449334)	(140, 39.111294810030614)	(145, 39.16486284366723)
mehreen_1018_MERGE_1_val_1	(1, 38.20457228398089)	(2, 38.82129709864147)	(3, 38.828411955091504)	(4, 38.97684334130896)	(5, 39.13339425937289)	(6, 39.2093519721378)	(7, 39.153165368345014)	(8, 39.15811711273047)	(9, 39.26691185811778)	(10, 39.28017156195107)	(15, 39.4957829413557)	(20, 39.494885166781245)	(25, 39.471091522884095)	(30, 39.43333250211508)	(35, 39.49092815650077)	(40, 39.44707453439058)	(45, 39.38498163267994)	(50, 39.37344569406197)	(55, 39.370503724153146)	(60, 39.38328149512661)	(65, 39.382877823123934)	(70, 39.345868214038056)	(75, 39.36692801675383)	(80, 39.34354633556619)	(85, 39.31970299660659)	(90, 39.34118865363067)	(95, 39.28043408818656)	(100, 39.296712271270955)	(105, 39.26009785621956)	(110, 39.25962512444282)	(115, 39.20479217673223)	(120, 39.18752882729234)	(125, 39.17834820569392)	(130, 39.185741153874766)	(135, 39.17784198187899)	(140, 39.12160037712039)	(145, 39.25651807224527)
mehreen_1018_MERGE_2_val_2	(1, 38.74717134876778)	(2, 38.78944510831325)	(3, 38.906702222584265)	(4, 39.15934985828622)	(5, 39.163940658854294)	(6, 39.27614084841932)	(7, 39.29754637656566)	(8, 39.32898953210658)	(9, 39.33907670224433)	(10, 39.307194969543396)	(15, 39.32965910661899)	(20, 39.29313062500823)	(25, 39.29798850381494)	(30, 39.29279364866981)	(35, 39.25928203089357)	(40, 39.23806327790228)	(45, 39.19597643670546)	(50, 39.19045528253255)	(55, 39.157282540628145)	(60, 39.16947895222931)	(65, 39.17515606690375)	(70, 39.192504463831575)	(75, 39.19369456626707)	(80, 39.18045190311828)	(85, 39.15713455750659)	(90, 39.134927493835015)	(95, 39.11146717806995)	(100, 39.124797744067145)	(105, 39.05073761198098)	(110, 39.08436279349089)	(115, 39.03843719071785)	(120, 39.014217005384566)	(125, 38.965478918847126)	(130, 38.9365509529155)	(135, 38.90992757635296)	(140, 38.92735642814891)	(145, 39.02667494620444)
mehreen_1020_MERGE_1_val_1	(1, 38.25767988265895)	(2, 38.804707935260105)	(3, 38.872474860737064)	(4, 38.96141763942869)	(5, 39.053359241444376)	(6, 39.154456348460755)	(7, 39.23689635905892)	(8, 39.27127007456833)	(9, 39.246824074056796)	(10, 39.25598736597393)	(15, 39.493607237746616)	(20, 39.47500789036062)	(25, 39.459434211511265)	(30, 39.4209926210214)	(35, 39.49057817170851)	(40, 39.447631269168355)	(45, 39.40282093261357)	(50, 39.374250452951884)	(55, 39.36759430622293)	(60, 39.40088560773607)	(65, 39.385092884046394)	(70, 39.36557925114319)	(75, 39.380059969928574)	(80, 39.36236172762027)	(85, 39.315809569631725)	(90, 39.343528761259265)	(95, 39.28473989253447)	(100, 39.295862973663795)	(105, 39.264206079177626)	(110, 39.253473562904375)	(115, 39.21045004864591)	(120, 39.16464203842527)	(125, 39.1381344018106)	(130, 39.111788455951185)	(135, 39.12218776194534)	(140, 39.0442651702555)	(145, 39.23180106802131)
mehreen_1020_MERGE_2_val_2	(1, 38.936800713419224)	(2, 38.95900101327138)	(3, 39.022569373764846)	(4, 39.25408546303952)	(5, 39.24070628226135)	(6, 39.3554673937346)	(7, 39.38044959407066)	(8, 39.37806053726304)	(9, 39.3891442204535)	(10, 39.290822999399744)	(15, 39.28025551680064)	(20, 39.23874276431841)	(25, 39.24882778592464)	(30, 39.234182626096924)	(35, 39.21496732779029)	(40, 39.19588871602724)	(45, 39.15541629209126)	(50, 39.16573136726463)	(55, 39.13026193108614)	(60, 39.12938632907611)	(65, 39.14521318786359)	(70, 39.147027286396025)	(75, 39.17974808984522)	(80, 39.167041605063375)	(85, 39.153949368606504)	(90, 39.11910227986415)	(95, 39.118663529199566)	(100, 39.132297478922204)	(105, 39.05861420864729)	(110, 39.08100955209587)	(115, 39.03477262142751)	(120, 39.004842587240766)	(125, 38.936745926347484)	(130, 38.93412781694672)	(135, 38.909049631467276)	(140, 38.929026233445995)	(145, 39.02347596207795)
mehreen_1021_MERGE_1_val_1	(1, 38.11107024241814)	(2, 38.52970060841512)	(3, 38.73931078946421)	(4, 38.89896220392548)	(5, 39.09642687971021)	(6, 39.12369480973922)	(7, 39.12584493846012)	(8, 39.28656935784849)	(9, 39.25161379835483)	(10, 39.27828474512442)	(15, 39.51113221816759)	(20, 39.50848200313519)	(25, 39.4909845995033)	(30, 39.45648482370201)	(35, 39.513469161843204)	(40, 39.47377329789682)	(45, 39.40264944880066)	(50, 39.388465997458056)	(55, 39.3714572941609)	(60, 39.398652088508605)	(65, 39.391152865141535)	(70, 39.36569650905788)	(75, 39.38329857095788)	(80, 39.36069062462529)	(85, 39.32414173152775)	(90, 39.33554659693333)	(95, 39.291538678993035)	(100, 39.30739209795091)	(105, 39.278572752356055)	(110, 39.2662532698105)	(115, 39.22416803237455)	(120, 39.19072726524159)	(125, 39.18375221369182)	(130, 39.17707317725774)	(135, 39.1758024911358)	(140, 39.11859859760059)	(145, 39.26392777631351)
mehreen_1021_MERGE_2_val_2	(1, 38.72904970586358)	(2, 38.75184765590249)	(3, 38.890725916177644)	(4, 39.136135703141825)	(5, 39.152006212765414)	(6, 39.26000052225853)	(7, 39.287275875426104)	(8, 39.325462416213476)	(9, 39.33421973486018)	(10, 39.30402083536169)	(15, 39.33757635650285)	(20, 39.301385455276815)	(25, 39.29343669318073)	(30, 39.26832700008614)	(35, 39.23710634095427)	(40, 39.21337101169582)	(45, 39.17186472836319)	(50, 39.18110232111383)	(55, 39.137225252741075)	(60, 39.150983931725236)	(65, 39.17297545310608)	(70, 39.184983495682545)	(75, 39.18181316500113)	(80, 39.158801990806445)	(85, 39.11685870646788)	(90, 39.10317927339024)	(95, 39.091342061529225)	(100, 39.10229477124728)	(105, 39.03913264686084)	(110, 39.067969513453555)	(115, 39.018013381762614)	(120, 38.986540605145976)	(125, 38.92768852971134)	(130, 38.91835020730589)	(135, 38.879772859670595)	(140, 38.887018429393976)	(145, 38.9990876488025)
mehreen_1023_MERGE_1_val_1	(1, 37.88680217081702)	(2, 38.40564665007118)	(3, 38.52660485781625)	(4, 38.76046881360477)	(5, 38.74237555089315)	(6, 38.97271609003987)	(7, 39.00246282944472)	(8, 39.132851185328164)	(9, 39.197555642972524)	(10, 39.207023143334936)	(15, 39.48014533941797)	(20, 39.459253489991625)	(25, 39.46614361492363)	(30, 39.39931011259763)	(35, 39.50736323498847)	(40, 39.46847093470363)	(45, 39.423290928844814)	(50, 39.393876266229526)	(55, 39.391520480327145)	(60, 39.41606970447563)	(65, 39.3995813524204)	(70, 39.38210410166476)	(75, 39.38200511611986)	(80, 39.374680859240115)	(85, 39.33639462579772)	(90, 39.39002923093407)	(95, 39.33221421594372)	(100, 39.33501337736166)	(105, 39.29528984223002)	(110, 39.282318306631744)	(115, 39.227544154101096)	(120, 39.19235377945421)	(125, 39.18059630058626)	(130, 39.160490192944295)	(135, 39.183130440476106)	(140, 39.089500039753695)	(145, 39.261265973469285)
mehreen_1023_MERGE_2_val_2	(1, 38.54047452147616)	(2, 38.58023483505226)	(3, 38.70722385632067)	(4, 39.00396464899131)	(5, 39.02274976225996)	(6, 39.14442006733266)	(7, 39.18658655620814)	(8, 39.226339912257615)	(9, 39.22877671539905)	(10, 39.19110603788394)	(15, 39.22323823216586)	(20, 39.211205285890856)	(25, 39.252458982514234)	(30, 39.25536806277629)	(35, 39.22878408107278)	(40, 39.22345059577886)	(45, 39.20852303973946)	(50, 39.21953662580616)	(55, 39.19927605924622)	(60, 39.18418255787126)	(65, 39.160053460968896)	(70, 39.08547088914367)	(75, 39.15070784872047)	(80, 39.13051662165819)	(85, 39.132917451170606)	(90, 39.0771317802313)	(95, 39.09084578531802)	(100, 39.118552758897856)	(105, 39.05204751088022)	(110, 39.09260104741717)	(115, 39.047829700787325)	(120, 39.02532570971241)	(125, 38.987209231885835)	(130, 38.97887360274898)	(135, 38.946834514970654)	(140, 38.97918537471398)	(145, 39.05308667598956)
mehreen_1024_MERGE_1_val_1	(1, 38.07152103103737)	(2, 38.558840633266094)	(3, 38.62835474721559)	(4, 38.89536940089362)	(5, 39.002142859410625)	(6, 39.13186162379978)	(7, 39.214406129276625)	(8, 39.13277465255817)	(9, 39.245499640469596)	(10, 39.24618882619529)	(15, 39.49397832754191)	(20, 39.477164976519205)	(25, 39.47110254991704)	(30, 39.42218208972066)	(35, 39.510860263416625)	(40, 39.47381958706043)	(45, 39.41966294098254)	(50, 39.38898719841251)	(55, 39.38629103606377)	(60, 39.40955016282432)	(65, 39.39517005176192)	(70, 39.383246400164104)	(75, 39.38164804208078)	(80, 39.36960270086594)	(85, 39.31288928165618)	(90, 39.34742573603595)	(95, 39.29931785800477)	(100, 39.30663075469489)	(105, 39.2773739701208)	(110, 39.266949202077114)	(115, 39.22128961835873)	(120, 39.179176556196005)	(125, 39.15528433056867)	(130, 39.124753922292605)	(135, 39.147756114569596)	(140, 39.06088654674024)	(145, 39.253603975779)
mehreen_1024_MERGE_2_val_2	(1, 38.84767107133903)	(2, 38.87090542301152)	(3, 38.95208874945955)	(4, 39.17892539950976)	(5, 39.18142343589843)	(6, 39.2774946354254)	(7, 39.30146372985711)	(8, 39.311208223230956)	(9, 39.34114553919651)	(10, 39.249379045198076)	(15, 39.25010328682175)	(20, 39.233555630613715)	(25, 39.27656446623804)	(30, 39.27574950265796)	(35, 39.25632175181346)	(40, 39.26091045955526)	(45, 39.233401340729195)	(50, 39.25099420919564)	(55, 39.21988956987254)	(60, 39.211101385146414)	(65, 39.194321055894775)	(70, 39.16830412582975)	(75, 39.20917057085156)	(80, 39.17792015827071)	(85, 39.188588145066106)	(90, 39.14661424460603)	(95, 39.14839897602826)	(100, 39.163238344045155)	(105, 39.08461988937607)	(110, 39.11509914066019)	(115, 39.085680984636504)	(120, 39.06476530231341)	(125, 39.024095619396505)	(130, 39.017510555316946)	(135, 38.97654265382304)	(140, 38.99442855720683)	(145, 39.07107040797635)
mehreen_1025_MERGE_1_val_1	(1, 38.27274630417253)	(2, 38.754346542072454)	(3, 38.769321506828284)	(4, 38.93151050614089)	(5, 39.0916645620265)	(6, 39.102443002340635)	(7, 39.21205027569457)	(8, 39.2609104686135)	(9, 39.25924389555629)	(10, 39.277550684165014)	(15, 39.50733474169201)	(20, 39.50088574906208)	(25, 39.487935672714265)	(30, 39.44484661695296)	(35, 39.510141153474265)	(40, 39.469035581483425)	(45, 39.416799680073424)	(50, 39.382324472570794)	(55, 39.39351926613924)	(60, 39.40525960835373)	(65, 39.407912530306284)	(70, 39.373669126989626)	(75, 39.38564767200104)	(80, 39.35744378810837)	(85, 39.34587463512257)	(90, 39.368501699383934)	(95, 39.31436128218593)	(100, 39.34327868514076)	(105, 39.30088527757549)	(110, 39.29060956689865)	(115, 39.246285443341314)	(120, 39.218575663166604)	(125, 39.227992098933456)	(130, 39.21787401825405)	(135, 39.21907944019216)	(140, 39.139020951058036)	(145, 39.2842934339685)
mehreen_1025_MERGE_2_val_2	(1, 38.58634941773557)	(2, 38.628011272535105)	(3, 38.78709082656966)	(4, 39.07222418863641)	(5, 39.09318718390599)	(6, 39.202254302472774)	(7, 39.23060966495488)	(8, 39.278392762636905)	(9, 39.276931127939115)	(10, 39.25898984358267)	(15, 39.29857041248946)	(20, 39.27255792128647)	(25, 39.294317606960774)	(30, 39.289743257945204)	(35, 39.26178696413555)	(40, 39.25127715660139)	(45, 39.21703906343168)	(50, 39.21654160314375)	(55, 39.1815132114784)	(60, 39.172823121620475)	(65, 39.17793383333242)	(70, 39.160620938073954)	(75, 39.17791452183476)	(80, 39.15424618559766)	(85, 39.13836258414979)	(90, 39.111581276270655)	(95, 39.1014364810596)	(100, 39.11479937375708)	(105, 39.05403155202286)	(110, 39.08881559045614)	(115, 39.03701813525648)	(120, 39.0119678298595)	(125, 38.953882737496336)	(130, 38.937840315463305)	(135, 38.90779699040162)	(140, 38.92357638947407)	(145, 39.017704942373626)
mehreen_1027_MERGE_1_val_1	(1, 38.22255288064096)	(2, 38.677500234295)	(3, 38.69787533963094)	(4, 39.012801785521575)	(5, 39.17367428721392)	(6, 39.09955077805305)	(7, 39.22999904055227)	(8, 39.256288658675935)	(9, 39.2590462076223)	(10, 39.25634524931054)	(15, 39.504070928972595)	(20, 39.47197791859985)	(25, 39.47461766465453)	(30, 39.415321900628726)	(35, 39.51737027131405)	(40, 39.48021656786872)	(45, 39.424658713607855)	(50, 39.39375531060771)	(55, 39.41541064929171)	(60, 39.42501757616294)	(65, 39.424002041518165)	(70, 39.40327494038268)	(75, 39.39850637831559)	(80, 39.38423843787622)	(85, 39.340765575923044)	(90, 39.39593289327139)	(95, 39.333954919427526)	(100, 39.325508406017114)	(105, 39.29135522893727)	(110, 39.28252732364904)	(115, 39.22347408526541)	(120, 39.18674798420089)	(125, 39.13501109017521)	(130, 39.13800255968785)	(135, 39.16059633445185)	(140, 39.0816174436291)	(145, 39.25066317226689)
mehreen_1027_MERGE_2_val_2	(1, 38.74773255037923)	(2, 38.77322773577823)	(3, 38.872322292079)	(4, 39.12614737588303)	(5, 39.129666690182226)	(6, 39.25265819947322)	(7, 39.26757834586177)	(8, 39.29619324510072)	(9, 39.30821996112123)	(10, 39.25961974630563)	(15, 39.298499358238224)	(20, 39.29091742254916)	(25, 39.331285509484886)	(30, 39.33447469137492)	(35, 39.30990397189602)	(40, 39.312894555357005)	(45, 39.296330907408496)	(50, 39.308396054764465)	(55, 39.282972666716034)	(60, 39.253384802963055)	(65, 39.23078629864104)	(70, 39.09691519313334)	(75, 39.21517065242334)	(80, 39.18841303163823)	(85, 39.214380676275184)	(90, 39.1689877087019)	(95, 39.196168694744735)	(100, 39.214969169789626)	(105, 39.14280729481019)	(110, 39.177701129733656)	(115, 39.142208555158575)	(120, 39.1152401500254)	(125, 39.08336830717105)	(130, 39.078208062525746)	(135, 39.03711117550996)	(140, 39.07137149024588)	(145, 39.1321386217259)
mehreen_1028_MERGE_1_val_1	(1, 38.15151715744573)	(2, 38.4435487189032)	(3, 38.53162164747663)	(4, 38.859533005803684)	(5, 39.07067847422705)	(6, 39.09736229289636)	(7, 39.1296277763022)	(8, 39.2052478191745)	(9, 39.214137454361115)	(10, 39.228660305088695)	(15, 39.48516486298003)	(20, 39.487459387926236)	(25, 39.47956844712164)	(30, 39.434937676357904)	(35, 39.50981601693402)	(40, 39.46963504101225)	(45, 39.39949591641668)	(50, 39.392269042363324)	(55, 39.39388818024571)	(60, 39.403438748285836)	(65, 39.40759289268127)	(70, 39.37492853206935)	(75, 39.37887608886409)	(80, 39.36105863376916)	(85, 39.32874046616746)	(90, 39.36548807238917)	(95, 39.296014149942536)	(100, 39.310273879291046)	(105, 39.2810269482635)	(110, 39.26943255017716)	(115, 39.218494084397356)	(120, 39.196210127452616)	(125, 39.184307498091044)	(130, 39.18279690689488)	(135, 39.19725546217975)	(140, 39.118021768102196)	(145, 39.27380705606793)
mehreen_1028_MERGE_2_val_2	(1, 38.4002887940988)	(2, 38.467517473048744)	(3, 38.66127145818708)	(4, 38.9943662434253)	(5, 39.043341137667944)	(6, 39.148734382780795)	(7, 39.19478334806822)	(8, 39.26806674945947)	(9, 39.27046423411501)	(10, 39.26546678177121)	(15, 39.31478548445785)	(20, 39.30023568364673)	(25, 39.318773581322276)	(30, 39.32215592205943)	(35, 39.282030451846865)	(40, 39.266183135244944)	(45, 39.23750194834651)	(50, 39.23402138594322)	(55, 39.182782658480946)	(60, 39.18515221763785)	(65, 39.19992555953173)	(70, 39.19168217890782)	(75, 39.2139338802629)	(80, 39.190905566352036)	(85, 39.17017425024149)	(90, 39.142376811348115)	(95, 39.12971127461118)	(100, 39.15011079374913)	(105, 39.08518058323062)	(110, 39.13053682066989)	(115, 39.07315071445042)	(120, 39.046800146514805)	(125, 38.9962610750536)	(130, 38.98387283435246)	(135, 38.935744697744795)	(140, 38.95728719833777)	(145, 39.05243795948701)
mehreen_1029_MERGE_1_val_1	(1, 37.97328523028335)	(2, 38.73992338205099)	(3, 38.78772294771489)	(4, 39.04670470176819)	(5, 39.145350013633205)	(6, 39.148119280257276)	(7, 39.241466991544236)	(8, 39.18362285106984)	(9, 39.29949222816482)	(10, 39.27999176567836)	(15, 39.510328914458924)	(20, 39.50362330981869)	(25, 39.48359761753379)	(30, 39.44699867639114)	(35, 39.509752629834495)	(40, 39.46548061579832)	(45, 39.406396178955106)	(50, 39.381552593741006)	(55, 39.384708884898295)	(60, 39.39947487930054)	(65, 39.40526657064059)	(70, 39.373089673180615)	(75, 39.38321626739521)	(80, 39.34692878268336)	(85, 39.32926224864712)	(90, 39.35408071955338)	(95, 39.30907884633997)	(100, 39.325201778950124)	(105, 39.28861257095484)	(110, 39.28146975240655)	(115, 39.230100941806846)	(120, 39.21276293230206)	(125, 39.217847233928616)	(130, 39.20504045975899)	(135, 39.21213263277089)	(140, 39.15045699927728)	(145, 39.284626385017035)
mehreen_1029_MERGE_2_val_2	(1, 38.331783453093266)	(2, 38.443609416750284)	(3, 38.64884054835641)	(4, 38.99708007962791)	(5, 39.03081379825708)	(6, 39.1432920140226)	(7, 39.17600358203191)	(8, 39.24394812490693)	(9, 39.25055416780655)	(10, 39.238632882187105)	(15, 39.283213461019336)	(20, 39.261977042453246)	(25, 39.27508744694808)	(30, 39.27206369008494)	(35, 39.24361729668763)	(40, 39.22439639088382)	(45, 39.19756265385605)	(50, 39.19858933322064)	(55, 39.16068482611532)	(60, 39.164137498625806)	(65, 39.16225621873066)	(70, 39.159044716766154)	(75, 39.172210120985476)	(80, 39.15188346328535)	(85, 39.12976740784411)	(90, 39.0986833981656)	(95, 39.086689096650865)	(100, 39.10110286841442)	(105, 39.034513638863494)	(110, 39.06754691215772)	(115, 39.01565022974378)	(120, 38.99095016971697)	(125, 38.93321544489684)	(130, 38.91393560710624)	(135, 38.87218946937635)	(140, 38.892325099822415)	(145, 38.99954784158146)
mehreen_1030_MERGE_1_val_1	(1, 38.15787566567467)	(2, 38.673584410286104)	(3, 38.734524548328665)	(4, 38.933505753226854)	(5, 39.11619534222907)	(6, 39.13590293492564)	(7, 39.204043592721554)	(8, 39.23886974438337)	(9, 39.280773374319004)	(10, 39.26127075366171)	(15, 39.49733119090503)	(20, 39.49167923999657)	(25, 39.46052626419334)	(30, 39.40432306089745)	(35, 39.48028213254277)	(40, 39.44103167572952)	(45, 39.388955926681184)	(50, 39.36447877694165)	(55, 39.37988121549451)	(60, 39.39585562901958)	(65, 39.397532197241496)	(70, 39.365725719009006)	(75, 39.3450381312376)	(80, 39.36461581291072)	(85, 39.35042251338298)	(90, 39.37306706483735)	(95, 39.31942765057695)	(100, 39.32727162372201)	(105, 39.29563458093526)	(110, 39.28599225727142)	(115, 39.22288671776751)	(120, 39.204935577813714)	(125, 39.22098644473835)	(130, 39.23016427210338)	(135, 39.22404406502078)	(140, 39.13636453458001)	(145, 39.286129626333874)
mehreen_1030_MERGE_2_val_2	(1, 38.390858109499504)	(2, 38.3979012248376)	(3, 38.573973444514216)	(4, 38.953972251399435)	(5, 39.00180452745555)	(6, 39.10501302640071)	(7, 39.14906458659814)	(8, 39.22318921751113)	(9, 39.2331369111679)	(10, 39.19422346023727)	(15, 39.21998175665512)	(20, 39.201069169055344)	(25, 39.219104533883055)	(30, 39.21999368829449)	(35, 39.178590735469456)	(40, 39.17406020578057)	(45, 39.16590516091533)	(50, 39.159939580763044)	(55, 39.12435139648168)	(60, 39.11852257566733)	(65, 39.128756663824454)	(70, 39.12710087168391)	(75, 39.14407719327546)	(80, 39.12415801314772)	(85, 39.10811309704091)	(90, 39.07646638335906)	(95, 39.05426698406227)	(100, 39.070578436942505)	(105, 39.00860566287226)	(110, 39.04305132697487)	(115, 38.98032451465944)	(120, 38.953580609549995)	(125, 38.91019438900169)	(130, 38.90382904078922)	(135, 38.8758343703298)	(140, 38.89908056305293)	(145, 38.99410590366738)
mehreen_1031_MERGE_1_val_1	(1, 38.35883909456295)	(2, 38.74321106230973)	(3, 38.74282803589715)	(4, 38.86773364545291)	(5, 39.07512907801885)	(6, 39.11758284723277)	(7, 39.17354937420009)	(8, 39.23398553393625)	(9, 39.220572683023036)	(10, 39.24437649279133)	(15, 39.49895898001064)	(20, 39.49919687926838)	(25, 39.47793343393132)	(30, 39.45097795919331)	(35, 39.50022248703784)	(40, 39.455346184540915)	(45, 39.39161136550839)	(50, 39.37919403087138)	(55, 39.36659229958018)	(60, 39.382669375603946)	(65, 39.380113723151304)	(70, 39.35457805859987)	(75, 39.36801486231725)	(80, 39.35158103698008)	(85, 39.31319389314014)	(90, 39.33856513383542)	(95, 39.28347483269825)	(100, 39.30304116633253)	(105, 39.27868799081672)	(110, 39.27017706266868)	(115, 39.2197048943146)	(120, 39.19175820993494)	(125, 39.19026937757933)	(130, 39.19041712656056)	(135, 39.18595459982082)	(140, 39.133706659117586)	(145, 39.26587992182685)
mehreen_1031_MERGE_2_val_2	(1, 38.80398577849594)	(2, 38.82723945316853)	(3, 38.96988567919517)	(4, 39.201745789843315)	(5, 39.22371939714642)	(6, 39.323048642296534)	(7, 39.34696824963881)	(8, 39.394338697714964)	(9, 39.376174537475684)	(10, 39.368031344497496)	(15, 39.39438613652432)	(20, 39.34412846405106)	(25, 39.3263821685756)	(30, 39.30010983466552)	(35, 39.25967629596731)	(40, 39.2361396889214)	(45, 39.206055115853204)	(50, 39.21629958062736)	(55, 39.18266036315001)	(60, 39.195466000783554)	(65, 39.22393881275878)	(70, 39.233446099330806)	(75, 39.22310076799878)	(80, 39.187115888024536)	(85, 39.15225398405211)	(90, 39.13042393635182)	(95, 39.11692400141091)	(100, 39.135334383124366)	(105, 39.06545228343357)	(110, 39.09767859083934)	(115, 39.039674452878764)	(120, 39.01989122412973)	(125, 38.95698662970617)	(130, 38.94755809893992)	(135, 38.89160005985262)	(140, 38.90603761403047)	(145, 39.00504372178591)
mehreen_1032_MERGE_1_val_1	(1, 38.105904842987435)	(2, 38.65018187070923)	(3, 38.67560155546395)	(4, 38.91195063625656)	(5, 39.19252481022796)	(6, 39.13313077009048)	(7, 39.24656189128751)	(8, 39.172322738013605)	(9, 39.274747478917625)	(10, 39.28070190867555)	(15, 39.50579702918989)	(20, 39.50348231856947)	(25, 39.4896343627054)	(30, 39.45187645788074)	(35, 39.51075285526566)	(40, 39.47283836564681)	(45, 39.4035228989037)	(50, 39.394308483208135)	(55, 39.39201718923582)	(60, 39.396987162240706)	(65, 39.40827845290765)	(70, 39.37084582175305)	(75, 39.38725350870243)	(80, 39.37075656086096)	(85, 39.34616511589078)	(90, 39.368206294247976)	(95, 39.31447836572477)	(100, 39.32835882555398)	(105, 39.30508415142604)	(110, 39.30076454461893)	(115, 39.24695196343636)	(120, 39.23325655799538)	(125, 39.22540733391355)	(130, 39.22111908846364)	(135, 39.22295686692513)	(140, 39.16471848107862)	(145, 39.30365029906041)
mehreen_1032_MERGE_2_val_2	(1, 38.67587635826864)	(2, 38.693819918679054)	(3, 38.82962468825947)	(4, 39.07679880376566)	(5, 39.10915101846032)	(6, 39.23657820978103)	(7, 39.25755503558758)	(8, 39.31698928274733)	(9, 39.29544302569672)	(10, 39.30575424075203)	(15, 39.35191933126183)	(20, 39.31548820780386)	(25, 39.316741418280856)	(30, 39.30219095524288)	(35, 39.27068494502926)	(40, 39.251121826005814)	(45, 39.22627655383165)	(50, 39.228709352511764)	(55, 39.185268665951604)	(60, 39.196905126688264)	(65, 39.210551456836754)	(70, 39.21525961390593)	(75, 39.208958826933866)	(80, 39.18877769659961)	(85, 39.165710086293174)	(90, 39.14184535517224)	(95, 39.126456809027026)	(100, 39.14372278779575)	(105, 39.078881618320224)	(110, 39.110595897134104)	(115, 39.05807947388606)	(120, 39.03021760590691)	(125, 38.9771785244872)	(130, 38.962555880909235)	(135, 38.91316285202474)	(140, 38.92606634105314)	(145, 39.024397646721496)
mehreen_1033_MERGE_1_val_1	(1, 37.599633810768)	(2, 38.061439963632495)	(3, 38.39366420864416)	(4, 38.681885027273886)	(5, 38.94191097219557)	(6, 38.957563817866856)	(7, 38.99784338067244)	(8, 39.150222312214346)	(9, 39.15658469816066)	(10, 39.169796688963686)	(15, 39.45658737352373)	(20, 39.46106187599109)	(25, 39.45458921008323)	(30, 39.41692503532816)	(35, 39.489662492813494)	(40, 39.44840400131493)	(45, 39.38436253396308)	(50, 39.367773943213436)	(55, 39.355987925416215)	(60, 39.364606892269606)	(65, 39.37635559401103)	(70, 39.33411380039158)	(75, 39.36375637830376)	(80, 39.34431773374499)	(85, 39.319037551157365)	(90, 39.33961760972837)	(95, 39.28116346260656)	(100, 39.2904702810392)	(105, 39.26595168733773)	(110, 39.25943624772266)	(115, 39.204734482791324)	(120, 39.1966078997024)	(125, 39.18991071755663)	(130, 39.1822318163292)	(135, 39.17645415264352)	(140, 39.125213099991754)	(145, 39.260028310256466)
mehreen_1033_MERGE_2_val_2	(1, 38.30733958845421)	(2, 38.408345938912134)	(3, 38.64269095817911)	(4, 38.95171628680868)	(5, 39.006890541397624)	(6, 39.1132092304732)	(7, 39.166966828025046)	(8, 39.243375960058835)	(9, 39.25180167620647)	(10, 39.2572494452761)	(15, 39.318527015676935)	(20, 39.301589043066066)	(25, 39.319864671239614)	(30, 39.31492894165518)	(35, 39.280553839252086)	(40, 39.26538696488052)	(45, 39.23963237103067)	(50, 39.24122436879567)	(55, 39.195378941572464)	(60, 39.202077815663685)	(65, 39.21069516294692)	(70, 39.21529506576881)	(75, 39.20737930835834)	(80, 39.192838755799244)	(85, 39.158933186317455)	(90, 39.135060251884305)	(95, 39.11263973441447)	(100, 39.12989468344526)	(105, 39.06991070675667)	(110, 39.095127593349645)	(115, 39.04429026861064)	(120, 39.019087793897384)	(125, 38.9765296831585)	(130, 38.955825601407106)	(135, 38.91398395767193)	(140, 38.92643067330215)	(145, 39.02928690716814)
mehreen_1034_MERGE_1_val_1	(1, 38.23606590589463)	(2, 38.72529385496757)	(3, 38.89514246289216)	(4, 38.97262481710242)	(5, 39.10662371160734)	(6, 39.19922750664458)	(7, 39.22328201756162)	(8, 39.26968319154192)	(9, 39.27379769133011)	(10, 39.26455099135624)	(15, 39.50831702458578)	(20, 39.50228500478404)	(25, 39.49057631913564)	(30, 39.4671437018758)	(35, 39.523833030466584)	(40, 39.484519947870794)	(45, 39.41883075341991)	(50, 39.4009804255645)	(55, 39.40300062225748)	(60, 39.40985216281627)	(65, 39.41367640173314)	(70, 39.377758618262774)	(75, 39.395845628271694)	(80, 39.37775929639133)	(85, 39.35073075251252)	(90, 39.37810758982705)	(95, 39.31280470508821)	(100, 39.32354523970521)	(105, 39.297357394987394)	(110, 39.29971257005682)	(115, 39.24996199691872)	(120, 39.225683660785094)	(125, 39.22329720872597)	(130, 39.19915731997422)	(135, 39.19980954386737)	(140, 39.12333079999296)	(145, 39.281059600111064)
mehreen_1034_MERGE_2_val_2	(1, 38.72760345577818)	(2, 38.76299892435205)	(3, 38.90370298382901)	(4, 39.14212287732757)	(5, 39.167782258737866)	(6, 39.273690023365205)	(7, 39.29808837597697)	(8, 39.347152757557126)	(9, 39.34930327370115)	(10, 39.33084342776987)	(15, 39.371079540077965)	(20, 39.338823666840646)	(25, 39.343459608457856)	(30, 39.33598965282231)	(35, 39.294314853344574)	(40, 39.266328818990175)	(45, 39.22015832536052)	(50, 39.21992307720429)	(55, 39.1648046903338)	(60, 39.16602086389766)	(65, 39.18023373035679)	(70, 39.19095628392782)	(75, 39.20543550874008)	(80, 39.192286261991384)	(85, 39.17672962543601)	(90, 39.149886903768426)	(95, 39.135685119743854)	(100, 39.15357057961159)	(105, 39.0850305686464)	(110, 39.12128796083569)	(115, 39.0730689626407)	(120, 39.0447014665407)	(125, 38.995915536576675)	(130, 38.988023195748326)	(135, 38.946351147398595)	(140, 38.965253943573174)	(145, 39.06705095552469)
mehreen_1035_MERGE_1_val_1	(1, 38.236791784839646)	(2, 38.736162481481315)	(3, 38.83846400618924)	(4, 38.99420178118568)	(5, 39.08698919454701)	(6, 39.155850267465446)	(7, 39.25065907704878)	(8, 39.189201375138914)	(9, 39.29130672072389)	(10, 39.268714584978724)	(15, 39.5034752879291)	(20, 39.50373914374169)	(25, 39.48611959628916)	(30, 39.45953944115481)	(35, 39.5124747822722)	(40, 39.47284554673459)	(45, 39.407709657311266)	(50, 39.391143384865046)	(55, 39.38988261334424)	(60, 39.39891864023341)	(65, 39.409257056430384)	(70, 39.36925696936966)	(75, 39.382441929450934)	(80, 39.36374269838607)	(85, 39.33859460470576)	(90, 39.361703610533574)	(95, 39.30872417205411)	(100, 39.319913559308056)	(105, 39.291873179645314)	(110, 39.28201403964727)	(115, 39.23079529481494)	(120, 39.21478562290892)	(125, 39.21092025264735)	(130, 39.20280888010369)	(135, 39.21016620681056)	(140, 39.140355387165116)	(145, 39.287326986535405)
mehreen_1035_MERGE_2_val_2	(1, 38.50617972302909)	(2, 38.56442367537496)	(3, 38.76190797827977)	(4, 39.04376928376484)	(5, 39.087233318068556)	(6, 39.19505862282947)	(7, 39.22779754932109)	(8, 39.291322402609616)	(9, 39.30437445568532)	(10, 39.294944982736794)	(15, 39.34600886675251)	(20, 39.32093763094508)	(25, 39.328838231422296)	(30, 39.32042761112206)	(35, 39.2841672356126)	(40, 39.26346615365217)	(45, 39.239354617147654)	(50, 39.23596931478334)	(55, 39.19128030404083)	(60, 39.19896355061646)	(65, 39.21252222345764)	(70, 39.219071493115756)	(75, 39.21777453883797)	(80, 39.201184173761874)	(85, 39.175632159999054)	(90, 39.14537522287565)	(95, 39.13322859506048)	(100, 39.147094082245)	(105, 39.07724410939376)	(110, 39.10773373489442)	(115, 39.05977064235306)	(120, 39.03684789126637)	(125, 38.99372826645656)	(130, 38.97680722801486)	(135, 38.93913758445641)	(140, 38.94904126576431)	(145, 39.05094842844876)
mehreen_1036_MERGE_1_val_1	(1, 38.28112958358349)	(2, 38.647803097368886)	(3, 38.73473546569553)	(4, 38.9866151508662)	(5, 39.08126001876725)	(6, 39.163256008373665)	(7, 39.21002011347872)	(8, 39.24170565450604)	(9, 39.262420266003815)	(10, 39.262178226561716)	(15, 39.49971162353171)	(20, 39.48189910126325)	(25, 39.467053453775655)	(30, 39.431797930870275)	(35, 39.51600902201928)	(40, 39.47866972007545)	(45, 39.4255066991673)	(50, 39.38083055855734)	(55, 39.38722845420689)	(60, 39.39379589971476)	(65, 39.41371630744551)	(70, 39.37856010207611)	(75, 39.3862067833662)	(80, 39.37336542507738)	(85, 39.354678445665385)	(90, 39.37730812782242)	(95, 39.31334625864391)	(100, 39.32665261586057)	(105, 39.30197403956066)	(110, 39.30299119844028)	(115, 39.2504126604398)	(120, 39.21745818425516)	(125, 39.221522165056214)	(130, 39.21386967802899)	(135, 39.21659703760127)	(140, 39.136713571679536)	(145, 39.29414048023022)
mehreen_1036_MERGE_2_val_2	(1, 38.532877182492115)	(2, 38.57766638215243)	(3, 38.74288569525746)	(4, 39.03757338328007)	(5, 39.071257171466584)	(6, 39.17500861015738)	(7, 39.21200233546641)	(8, 39.261182475282524)	(9, 39.26626822802557)	(10, 39.24530663680049)	(15, 39.28967908272134)	(20, 39.25828481131419)	(25, 39.27267440123266)	(30, 39.27057422350735)	(35, 39.23570505741994)	(40, 39.2050886042025)	(45, 39.160874604511775)	(50, 39.145702902868564)	(55, 39.09139910613253)	(60, 39.0758183305048)	(65, 39.09902764668483)	(70, 39.10567180153017)	(75, 39.13217402714976)	(80, 39.12290270550557)	(85, 39.10674222270725)	(90, 39.07484213806202)	(95, 39.063251154384325)	(100, 39.08335895041755)	(105, 39.014616887728245)	(110, 39.05430233391983)	(115, 38.9985013557286)	(120, 38.97402495520301)	(125, 38.927051069958736)	(130, 38.91573123284827)	(135, 38.869276788391616)	(140, 38.886154935131714)	(145, 38.98197152110647)
mehreen_1037_MERGE_1_val_1	(1, 38.09705334323823)	(2, 38.60977533142555)	(3, 38.767209220114324)	(4, 38.80147060151036)	(5, 39.12054594245769)	(6, 39.15476121559152)	(7, 39.17797789209063)	(8, 39.10482144238414)	(9, 39.282302155402405)	(10, 39.267445280817604)	(15, 39.49475263356959)	(20, 39.49340346028818)	(25, 39.48718961164844)	(30, 39.44719728349297)	(35, 39.515316164581115)	(40, 39.4770780138397)	(45, 39.41152052859387)	(50, 39.39403360585711)	(55, 39.39577032358868)	(60, 39.4021137726592)	(65, 39.41725583514564)	(70, 39.381885578686685)	(75, 39.389933230324274)	(80, 39.38259573975961)	(85, 39.35042135108908)	(90, 39.38579624420318)	(95, 39.319959546828)	(100, 39.33394698883783)	(105, 39.31373595814817)	(110, 39.31322150680703)	(115, 39.25733744669032)	(120, 39.25086528772577)	(125, 39.24321594335687)	(130, 39.23754665340313)	(135, 39.242698041806875)	(140, 39.187710073089505)	(145, 39.310168921695634)
mehreen_1037_MERGE_2_val_2	(1, 38.57962094999058)	(2, 38.644242529412274)	(3, 38.812280908086805)	(4, 39.051049712678584)	(5, 39.08336673925582)	(6, 39.2129051293138)	(7, 39.243113966095315)	(8, 39.30710592682144)	(9, 39.29429635286577)	(10, 39.300456913769196)	(15, 39.35996061207856)	(20, 39.337124914399105)	(25, 39.348235388354894)	(30, 39.346809596458186)	(35, 39.30973392418734)	(40, 39.290872576196506)	(45, 39.260170127889005)	(50, 39.256940156032634)	(55, 39.20153491032055)	(60, 39.20899393991818)	(65, 39.215638209149255)	(70, 39.22186093904968)	(75, 39.2154624743041)	(80, 39.20249888651026)	(85, 39.17680636448752)	(90, 39.15326373096914)	(95, 39.14343395077573)	(100, 39.15060579151512)	(105, 39.087883236463945)	(110, 39.11730218436192)	(115, 39.06416677449671)	(120, 39.036790124200664)	(125, 38.99075563463296)	(130, 38.973264735654595)	(135, 38.92819811617847)	(140, 38.93647878914866)	(145, 39.047060492670475)
mehreen_1038_MERGE_1_val_1	(1, 38.34824197893438)	(2, 38.84932341952278)	(3, 38.90842831421271)	(4, 39.048812157999855)	(5, 39.14703879711991)	(6, 39.1156954057364)	(7, 39.252583820848486)	(8, 39.26570851476156)	(9, 39.226995865527066)	(10, 39.253109796942034)	(15, 39.50372632087854)	(20, 39.49467089881331)	(25, 39.46885723372522)	(30, 39.44778539276301)	(35, 39.48903489250289)	(40, 39.447716901901344)	(45, 39.39284931123147)	(50, 39.3581712114296)	(55, 39.345687878263334)	(60, 39.36414416224811)	(65, 39.37572210967985)	(70, 39.35178687821199)	(75, 39.3524699919702)	(80, 39.33561893659171)	(85, 39.30093493164598)	(90, 39.294962807972965)	(95, 39.22452078323512)	(100, 39.237596426666805)	(105, 39.208088541772355)	(110, 39.20011362491891)	(115, 39.1439011706725)	(120, 39.12970766452416)	(125, 39.10205970103215)	(130, 39.09109701558581)	(135, 39.06987306857205)	(140, 38.99215464152724)	(145, 39.176023952706366)
mehreen_1038_MERGE_2_val_2	(1, 39.014772504853525)	(2, 39.041939318537)	(3, 39.105567502369574)	(4, 39.30169217863521)	(5, 39.28364470252004)	(6, 39.37522279642751)	(7, 39.39409115474617)	(8, 39.41432265481709)	(9, 39.41443211515203)	(10, 39.39226327361993)	(15, 39.40413847248635)	(20, 39.320296403823406)	(25, 39.274303595927364)	(30, 39.23423593713936)	(35, 39.18397706934895)	(40, 39.15446354788113)	(45, 39.11364817807093)	(50, 39.140165320261346)	(55, 39.12026671737366)	(60, 39.11119268176306)	(65, 39.13584910258787)	(70, 39.15384375471698)	(75, 39.15309404245209)	(80, 39.13149056248833)	(85, 39.10472845323148)	(90, 39.080782352666596)	(95, 39.0652663542593)	(100, 39.06741295916142)	(105, 38.99262556343681)	(110, 39.01884062877)	(115, 38.97010614818245)	(120, 38.95194031262508)	(125, 38.8976104197773)	(130, 38.88258514821818)	(135, 38.840553398119695)	(140, 38.849976880976996)	(145, 38.96731460317712)
mehreen_1039_MERGE_1_val_1	(1, 37.76351319446077)	(2, 38.48696115725612)	(3, 38.55966651778459)	(4, 38.82343553729905)	(5, 39.02012945001775)	(6, 39.1104659619517)	(7, 39.139115783577935)	(8, 39.200569353469746)	(9, 39.23117590604281)	(10, 39.242035848213874)	(15, 39.50232195585197)	(20, 39.506160427661975)	(25, 39.48166271020856)	(30, 39.452119634157285)	(35, 39.50257036374686)	(40, 39.45813547854184)	(45, 39.392797546176546)	(50, 39.389272055904186)	(55, 39.385961140639644)	(60, 39.389700271339755)	(65, 39.392463426588925)	(70, 39.35066100251538)	(75, 39.36977083817352)	(80, 39.357069976889)	(85, 39.32886504584114)	(90, 39.346108118202196)	(95, 39.28745513944782)	(100, 39.29764706472233)	(105, 39.27004533607578)	(110, 39.27373217495615)	(115, 39.22151062702689)	(120, 39.213893080463045)	(125, 39.19878060456389)	(130, 39.203918645187535)	(135, 39.191181971066634)	(140, 39.14507904578504)	(145, 39.26659551062164)
mehreen_1039_MERGE_2_val_2	(1, 38.36210868994824)	(2, 38.44799821750342)	(3, 38.68840902689674)	(4, 39.01361806652561)	(5, 39.04336896817715)	(6, 39.17438943140724)	(7, 39.19778963415747)	(8, 39.27360237623381)	(9, 39.25652501357533)	(10, 39.25797198963151)	(15, 39.310762123875044)	(20, 39.283329430809644)	(25, 39.283240469296075)	(30, 39.27195779300094)	(35, 39.24111817041957)	(40, 39.225080434208905)	(45, 39.2046097130598)	(50, 39.20836100956603)	(55, 39.18600796938388)	(60, 39.18909704780445)	(65, 39.18554598895775)	(70, 39.18603318315798)	(75, 39.17885107842669)	(80, 39.16083231805075)	(85, 39.13775270300631)	(90, 39.11489765023545)	(95, 39.08802356727624)	(100, 39.10457649808255)	(105, 39.04264911359353)	(110, 39.06680701462166)	(115, 39.0230620306963)	(120, 39.00490087237883)	(125, 38.96086293932048)	(130, 38.93846461107863)	(135, 38.90052439461764)	(140, 38.91001744112784)	(145, 39.01754911540205)
mehreen_1040_MERGE_1_val_1	(1, 38.0824206898984)	(2, 38.51191094330424)	(3, 38.748948721351276)	(4, 39.001249404572434)	(5, 38.988770494528524)	(6, 39.16304911059207)	(7, 39.15598458823627)	(8, 39.12843553700424)	(9, 39.26001908291703)	(10, 39.27096394723449)	(15, 39.51236952385701)	(20, 39.51710822290765)	(25, 39.50433472814816)	(30, 39.47012941950271)	(35, 39.524620957130495)	(40, 39.48925022458731)	(45, 39.429456528970505)	(50, 39.411914424700896)	(55, 39.40638343628418)	(60, 39.40798547439865)	(65, 39.41929028223969)	(70, 39.38581577826843)	(75, 39.39437548810747)	(80, 39.379382246109046)	(85, 39.35090146797616)	(90, 39.371945494771616)	(95, 39.312636685696006)	(100, 39.327920797999)	(105, 39.2974861327993)	(110, 39.2971015505082)	(115, 39.23671879809455)	(120, 39.224183343168725)	(125, 39.20586083629727)	(130, 39.20052353421763)	(135, 39.20773198353012)	(140, 39.15823558967651)	(145, 39.294091956320194)
mehreen_1040_MERGE_2_val_2	(1, 38.73980514917708)	(2, 38.83408946178451)	(3, 38.95748657130275)	(4, 39.203969013926766)	(5, 39.227452905775564)	(6, 39.32288492553471)	(7, 39.35056922782489)	(8, 39.4009474962515)	(9, 39.40274448289831)	(10, 39.40375568189323)	(15, 39.4514795745521)	(20, 39.41943684307295)	(25, 39.41403925576546)	(30, 39.40246708804806)	(35, 39.36302116508743)	(40, 39.34094909577045)	(45, 39.31849503680632)	(50, 39.321283976740474)	(55, 39.282761949134276)	(60, 39.28799372419765)	(65, 39.28883469132148)	(70, 39.29208513404259)	(75, 39.27671789031874)	(80, 39.25944528208902)	(85, 39.22625654071369)	(90, 39.199418051184026)	(95, 39.17702637117387)	(100, 39.18840047351158)	(105, 39.12019192981498)	(110, 39.15198736432872)	(115, 39.09885772343307)	(120, 39.06957257182357)	(125, 39.020835791959215)	(130, 39.00306219404903)	(135, 38.94445126430608)	(140, 38.94682268272065)	(145, 39.03815460098366)
mehreen_1041_MERGE_1_val_1	(1, 38.460281392072915)	(2, 38.81090173935008)	(3, 38.9007740623444)	(4, 39.004677989875525)	(5, 39.18990888728203)	(6, 39.18314047340267)	(7, 39.293070365835234)	(8, 39.336094170936704)	(9, 39.32065054474324)	(10, 39.30297786559794)	(15, 39.530463781488415)	(20, 39.525623009736364)	(25, 39.501990942874166)	(30, 39.48195502071535)	(35, 39.522958521308965)	(40, 39.48395557602555)	(45, 39.43064285357467)	(50, 39.40475760244637)	(55, 39.39390718499358)	(60, 39.41567485145965)	(65, 39.42022636172251)	(70, 39.38802765669309)	(75, 39.404237393999225)	(80, 39.38342007271446)	(85, 39.35539877565467)	(90, 39.355362550885296)	(95, 39.3096328305797)	(100, 39.321495454238)	(105, 39.29115849302328)	(110, 39.29330932403087)	(115, 39.24417940823925)	(120, 39.22591744727542)	(125, 39.229538981192476)	(130, 39.22018792308246)	(135, 39.21055465665866)	(140, 39.152340274209294)	(145, 39.29343447482147)
mehreen_1041_MERGE_2_val_2	(1, 38.94788280318007)	(2, 38.986700516882486)	(3, 39.04687693050452)	(4, 39.257193404742225)	(5, 39.231169423362736)	(6, 39.355945993332966)	(7, 39.35997842407447)	(8, 39.397728615094884)	(9, 39.35155089972745)	(10, 39.35521275243785)	(15, 39.380295926337865)	(20, 39.306692716568264)	(25, 39.26756792814959)	(30, 39.23011003723788)	(35, 39.17692507803887)	(40, 39.14931831120874)	(45, 39.1200947257659)	(50, 39.14712769991803)	(55, 39.12992353472527)	(60, 39.13683613147077)	(65, 39.157020115563185)	(70, 39.165345528681044)	(75, 39.15811106933)	(80, 39.12154515657487)	(85, 39.09070803558511)	(90, 39.07123641768305)	(95, 39.05523843787161)	(100, 39.061421830742596)	(105, 38.98760066413158)	(110, 39.02278430774503)	(115, 38.97447428254592)	(120, 38.96237509497485)	(125, 38.918780857525)	(130, 38.90587750243175)	(135, 38.84592003066583)	(140, 38.85618640560633)	(145, 38.96871888040434)
mehreen_1042_MERGE_1_val_1	(1, 37.69216404526893)	(2, 38.61561579421098)	(3, 38.57947952968284)	(4, 38.868890171763084)	(5, 39.17478396898018)	(6, 39.18449462028785)	(7, 39.15939394636846)	(8, 39.25513374958627)	(9, 39.244705120363065)	(10, 39.28252416111509)	(15, 39.509842648500126)	(20, 39.508425538994075)	(25, 39.49520466437396)	(30, 39.450094782503434)	(35, 39.519816560808216)	(40, 39.475327724310965)	(45, 39.40863282636507)	(50, 39.39740447563905)	(55, 39.39754012895993)	(60, 39.400335289121934)	(65, 39.40242491239653)	(70, 39.36813354414394)	(75, 39.37981598511497)	(80, 39.35523527815725)	(85, 39.32712876141988)	(90, 39.36092856480739)	(95, 39.29399955078884)	(100, 39.30615082352095)	(105, 39.27478615283836)	(110, 39.26805867238833)	(115, 39.21689941373944)	(120, 39.189200223506184)	(125, 39.17221305175692)	(130, 39.18417321400037)	(135, 39.18354697221546)	(140, 39.11995374235011)	(145, 39.260671153135824)
mehreen_1042_MERGE_2_val_2	(1, 38.703717444622455)	(2, 38.73635447109784)	(3, 38.86893432071565)	(4, 39.143103887155476)	(5, 39.16083230536924)	(6, 39.25856859755612)	(7, 39.278774696114546)	(8, 39.32602654954989)	(9, 39.33816908471578)	(10, 39.31376145272945)	(15, 39.350888558988466)	(20, 39.32252787578909)	(25, 39.33843349545064)	(30, 39.33266522320088)	(35, 39.30364829202121)	(40, 39.28345850162784)	(45, 39.254963700583)	(50, 39.25504345306068)	(55, 39.22035605869925)	(60, 39.205429419216635)	(65, 39.20700672125603)	(70, 39.2018268088235)	(75, 39.21333904288228)	(80, 39.20331899628585)	(85, 39.184750981378336)	(90, 39.16771886830866)	(95, 39.1540100301596)	(100, 39.15859329331179)	(105, 39.09658292659097)	(110, 39.12868007809131)	(115, 39.080152778481434)	(120, 39.05334135786226)	(125, 38.99500635711934)	(130, 38.98051579623344)	(135, 38.95341223432122)	(140, 38.968329968896725)	(145, 39.058991076088034)
mehreen_1043_MERGE_1_val_1	(1, 38.26724126859322)	(2, 38.617155783379204)	(3, 38.788301424881595)	(4, 38.91285660449497)	(5, 39.13270854295202)	(6, 39.13743544598027)	(7, 39.2204860058072)	(8, 39.28387700691804)	(9, 39.28136492351942)	(10, 39.28271607682162)	(15, 39.50473215633191)	(20, 39.48871983447907)	(25, 39.48277761304692)	(30, 39.437675780338374)	(35, 39.50885705773171)	(40, 39.475697148908566)	(45, 39.41748867113167)	(50, 39.390366464911054)	(55, 39.39422123622116)	(60, 39.403545643770066)	(65, 39.40355584953994)	(70, 39.378766807427226)	(75, 39.37646103939626)	(80, 39.35807964851093)	(85, 39.32850160386187)	(90, 39.36275976714212)	(95, 39.306129246839966)	(100, 39.312205712320676)	(105, 39.28433190822001)	(110, 39.2725220780561)	(115, 39.22034300872633)	(120, 39.20063931302366)	(125, 39.1845290805987)	(130, 39.16558995517479)	(135, 39.18739638482739)	(140, 39.114038545193964)	(145, 39.26355047730674)
mehreen_1043_MERGE_2_val_2	(1, 38.76499804191408)	(2, 38.812777988985744)	(3, 38.91843229815911)	(4, 39.16060067466343)	(5, 39.16840313092097)	(6, 39.273658511096116)	(7, 39.2937439555)	(8, 39.33139851985669)	(9, 39.33352935864564)	(10, 39.30132388453519)	(15, 39.32867972716109)	(20, 39.30690885240657)	(25, 39.325740982432876)	(30, 39.321538679625135)	(35, 39.28799460883706)	(40, 39.271339886937724)	(45, 39.236614151637056)	(50, 39.23434643622877)	(55, 39.18622914558118)	(60, 39.18382481559059)	(65, 39.18203162201216)	(70, 39.17033181889694)	(75, 39.19540736874275)	(80, 39.179818762898684)	(85, 39.173392644848505)	(90, 39.141422695778076)	(95, 39.12670781520775)	(100, 39.141162668199456)	(105, 39.06749424011557)	(110, 39.103093930155204)	(115, 39.06205227046736)	(120, 39.03519450147648)	(125, 38.98657790684238)	(130, 38.972091947057194)	(135, 38.94032593051662)	(140, 38.95430850076779)	(145, 39.04898014951151)
mehreen_1045_MERGE_1_val_1	(1, 38.19579153706908)	(2, 38.67345315639641)	(3, 38.72251560065289)	(4, 39.04179713717476)	(5, 39.10426614728349)	(6, 39.187470816200474)	(7, 39.253743962868725)	(8, 39.209430546473115)	(9, 39.2936802149087)	(10, 39.28450167185462)	(15, 39.517947426221745)	(20, 39.50842352456483)	(25, 39.49019289309268)	(30, 39.46212145946529)	(35, 39.50997810014591)	(40, 39.470519128080845)	(45, 39.4163627758698)	(50, 39.37877455191214)	(55, 39.37538554662493)	(60, 39.38521912485745)	(65, 39.39035503414143)	(70, 39.3574949611738)	(75, 39.369638482448565)	(80, 39.349539199923)	(85, 39.32128469181711)	(90, 39.32693473098)	(95, 39.27475078074366)	(100, 39.2870738640616)	(105, 39.25664836216659)	(110, 39.24830959853695)	(115, 39.194502727777774)	(120, 39.174641690169764)	(125, 39.16560230217853)	(130, 39.156244308152715)	(135, 39.152100598307314)	(140, 39.089605149218265)	(145, 39.23173256143312)
mehreen_1045_MERGE_2_val_2	(1, 38.79212806968913)	(2, 38.858895122448885)	(3, 38.950522224516384)	(4, 39.20734555406198)	(5, 39.21919270171967)	(6, 39.31478056753922)	(7, 39.332518047216055)	(8, 39.37561801299966)	(9, 39.39264726167266)	(10, 39.3666123079128)	(15, 39.39733594510706)	(20, 39.339281985556454)	(25, 39.322622430687936)	(30, 39.296712480675026)	(35, 39.258980671838565)	(40, 39.22604631248603)	(45, 39.19474237484159)	(50, 39.20298343500288)	(55, 39.174655635237606)	(60, 39.17988568486254)	(65, 39.18971901215572)	(70, 39.20716941335274)	(75, 39.20415199010303)	(80, 39.18655712866608)	(85, 39.156522824934505)	(90, 39.13620061514465)	(95, 39.12068620708407)	(100, 39.13471255713287)	(105, 39.067851497504364)	(110, 39.09914874709112)	(115, 39.05314966384223)	(120, 39.03105716075356)	(125, 38.975188034294526)	(130, 38.95476772145206)	(135, 38.91123807255682)	(140, 38.9269900285679)	(145, 39.0267175259052)
mehreen_1046_MERGE_1_val_1	(1, 38.06389209290232)	(2, 38.725056301972295)	(3, 38.74342387262853)	(4, 38.97533547046835)	(5, 39.167537794450304)	(6, 39.24084653211513)	(7, 39.24275199020997)	(8, 39.30705310330312)	(9, 39.305069130803965)	(10, 39.290285612526)	(15, 39.51060753663752)	(20, 39.496455925287)	(25, 39.47758045923189)	(30, 39.43653460368088)	(35, 39.50295098796077)	(40, 39.47293714051655)	(45, 39.42035650102885)	(50, 39.371876647770456)	(55, 39.384382596223574)	(60, 39.36874676439764)	(65, 39.388644764910566)	(70, 39.36608084516924)	(75, 39.36124143453681)	(80, 39.36180471402152)	(85, 39.33352382859336)	(90, 39.35558563718244)	(95, 39.30547804471938)	(100, 39.31346218759928)	(105, 39.277091204941726)	(110, 39.27835682177597)	(115, 39.224105699595256)	(120, 39.1923850171563)	(125, 39.183334765637255)	(130, 39.15939567359362)	(135, 39.16725047956866)	(140, 39.090812159516865)	(145, 39.240362107198386)
mehreen_1046_MERGE_2_val_2	(1, 38.63455498275015)	(2, 38.655510271196874)	(3, 38.81163990912714)	(4, 39.09318950287463)	(5, 39.116714752986134)	(6, 39.20296615154324)	(7, 39.240065830188215)	(8, 39.28021410852144)	(9, 39.30292284831355)	(10, 39.24976073898256)	(15, 39.26923957904829)	(20, 39.23708629767402)	(25, 39.24839888052018)	(30, 39.233891464768526)	(35, 39.20428753775337)	(40, 39.18404953568251)	(45, 39.140042258301435)	(50, 39.13805121264407)	(55, 39.100145598061886)	(60, 39.10960308153119)	(65, 39.12069778010073)	(70, 39.117699728211164)	(75, 39.134184412314895)	(80, 39.11937574409255)	(85, 39.099290872859925)	(90, 39.06396730844979)	(95, 39.04953594268133)	(100, 39.066028255051656)	(105, 38.99025409902576)	(110, 39.01970059483107)	(115, 38.97009850928562)	(120, 38.942081738053865)	(125, 38.88945174714623)	(130, 38.87055399057089)	(135, 38.82670956429672)	(140, 38.83651568726173)	(145, 38.939690949863575)
mehreen_1049_MERGE_1_val_1	(1, 38.39721972158487)	(2, 38.84431756766601)	(3, 38.88811329857399)	(4, 38.95676615141382)	(5, 39.12305360432714)	(6, 39.22245548878911)	(7, 39.23137855872708)	(8, 39.20288674897511)	(9, 39.25416498967355)	(10, 39.28104608516213)	(15, 39.513322216091225)	(20, 39.49680178277005)	(25, 39.472754223484564)	(30, 39.441136867438935)	(35, 39.49521788955546)	(40, 39.45602678859953)	(45, 39.410093021419215)	(50, 39.371686354457744)	(55, 39.37580791466081)	(60, 39.39711453536443)	(65, 39.39779331354761)	(70, 39.37979069291534)	(75, 39.378973460742294)	(80, 39.35506124320574)	(85, 39.31612037558084)	(90, 39.313473196642185)	(95, 39.282220113872704)	(100, 39.28120942103101)	(105, 39.24604758733193)	(110, 39.23978394059903)	(115, 39.18718159567875)	(120, 39.15738227317429)	(125, 39.144842330752255)	(130, 39.108798022907315)	(135, 39.10969233869293)	(140, 39.03777116111893)	(145, 39.21088787485297)
mehreen_1049_MERGE_2_val_2	(1, 38.98085025904917)	(2, 38.9853993660948)	(3, 39.05604013279701)	(4, 39.244378622724824)	(5, 39.2464086952162)	(6, 39.35144326411121)	(7, 39.36709480400648)	(8, 39.33061024800291)	(9, 39.35741664694353)	(10, 39.23509386953469)	(15, 39.211744911463235)	(20, 39.17559252804543)	(25, 39.211106176863)	(30, 39.20602724702047)	(35, 39.20147073785758)	(40, 39.200187313861804)	(45, 39.16232902817451)	(50, 39.181645927005526)	(55, 39.156932842781416)	(60, 39.14160096121147)	(65, 39.1356827000841)	(70, 39.1437477830588)	(75, 39.158522018014175)	(80, 39.148770522451514)	(85, 39.14381552142886)	(90, 39.10999322603509)	(95, 39.09886735545422)	(100, 39.10188677128396)	(105, 39.02464781547782)	(110, 39.037090640538125)	(115, 39.0051672136471)	(120, 38.9855903871926)	(125, 38.93851941530384)	(130, 38.91769847645726)	(135, 38.88654602475346)	(140, 38.89354540874184)	(145, 38.98935648042257)
mehreen_1050_MERGE_1_val_1	(1, 38.263972414892734)	(2, 38.73272450757928)	(3, 38.87861801984103)	(4, 38.953383620677776)	(5, 39.10329062926843)	(6, 39.24242578409579)	(7, 39.1790908370232)	(8, 39.27250342807939)	(9, 39.29884929950301)	(10, 39.2698008082304)	(15, 39.49575759493523)	(20, 39.47913111546777)	(25, 39.46245063509271)	(30, 39.43080264735274)	(35, 39.492474280817405)	(40, 39.45679065023841)	(45, 39.382079532196144)	(50, 39.36380909125122)	(55, 39.35241901150422)	(60, 39.37176878454119)	(65, 39.36556825117616)	(70, 39.33626229365545)	(75, 39.35171592280754)	(80, 39.33851433222024)	(85, 39.29537383437058)	(90, 39.31651903134781)	(95, 39.25375638525585)	(100, 39.282270195086824)	(105, 39.25359466953084)	(110, 39.24367702653201)	(115, 39.18810836237388)	(120, 39.15746491489681)	(125, 39.14624730324139)	(130, 39.1349825261516)	(135, 39.146370990558374)	(140, 39.07583620508269)	(145, 39.24026726429062)
mehreen_1050_MERGE_2_val_2	(1, 38.680032957052454)	(2, 38.70956261605976)	(3, 38.85862173521507)	(4, 39.13467128254474)	(5, 39.15525827292239)	(6, 39.24753523755591)	(7, 39.2831719673144)	(8, 39.32456180850633)	(9, 39.33789585744257)	(10, 39.29632764034554)	(15, 39.31975046451471)	(20, 39.27859263922592)	(25, 39.2887594811011)	(30, 39.28155740566308)	(35, 39.25068107529984)	(40, 39.22951487163831)	(45, 39.193227731293156)	(50, 39.19448055910005)	(55, 39.154368151872994)	(60, 39.163371520578565)	(65, 39.17834750846448)	(70, 39.185464117541514)	(75, 39.19812408334461)	(80, 39.18027954931406)	(85, 39.15831789794083)	(90, 39.12774636237931)	(95, 39.11836441436121)	(100, 39.12664132955125)	(105, 39.054051440527175)	(110, 39.09020713542414)	(115, 39.03709939438641)	(120, 39.015281527816306)	(125, 38.95280180898272)	(130, 38.94202152487501)	(135, 38.888214081951695)	(140, 38.90942901414114)	(145, 39.01375100558131)
mehreen_1051_MERGE_1_val_1	(1, 38.312789371717216)	(2, 38.793628144900566)	(3, 38.76597781205629)	(4, 38.89699246548095)	(5, 39.18392987535118)	(6, 39.10124325883857)	(7, 39.25238620128406)	(8, 39.186920995527565)	(9, 39.27077187566036)	(10, 39.2915743674957)	(15, 39.52255781374168)	(20, 39.52303869759828)	(25, 39.50551089020903)	(30, 39.471708214599474)	(35, 39.52553007268602)	(40, 39.485799088307274)	(45, 39.43823074488917)	(50, 39.40059315047274)	(55, 39.38879261073305)	(60, 39.415697339780756)	(65, 39.41366830529004)	(70, 39.387653997214635)	(75, 39.40371996500869)	(80, 39.39031967067355)	(85, 39.36507502524057)	(90, 39.37762695554132)	(95, 39.32877494935699)	(100, 39.34139558460653)	(105, 39.31020600877543)	(110, 39.30707097357099)	(115, 39.26004799553236)	(120, 39.239177288856226)	(125, 39.2434664534381)	(130, 39.23192843007349)	(135, 39.22752904786272)	(140, 39.174581189387936)	(145, 39.294206869085265)
mehreen_1051_MERGE_2_val_2	(1, 38.49580680834613)	(2, 38.53257163285475)	(3, 38.70653719964216)	(4, 38.99343951781524)	(5, 39.03154946945203)	(6, 39.13886456098103)	(7, 39.17309500333815)	(8, 39.222978703912254)	(9, 39.22790600950296)	(10, 39.206243600474195)	(15, 39.23827311779179)	(20, 39.201446504336886)	(25, 39.19522269757592)	(30, 39.17150097569372)	(35, 39.13453943374704)	(40, 39.10650292559207)	(45, 39.06687585696795)	(50, 39.06982461699427)	(55, 39.0334289857673)	(60, 39.04599253692233)	(65, 39.054717550006444)	(70, 39.07140213983443)	(75, 39.07045805583404)	(80, 39.05825353756517)	(85, 39.03570019237356)	(90, 39.01045602512183)	(95, 38.99487852554664)	(100, 39.008147349004446)	(105, 38.93785316207693)	(110, 38.96422646704115)	(115, 38.91137023427364)	(120, 38.88228014270324)	(125, 38.824722957352144)	(130, 38.81027508316656)	(135, 38.77309964695382)	(140, 38.791165161238425)	(145, 38.90697662614751)
mehreen_1052_MERGE_1_val_1	(1, 38.06999266077027)	(2, 38.58057498751015)	(3, 38.892804671831115)	(4, 38.96494745703918)	(5, 39.188354979124334)	(6, 39.14304527350314)	(7, 39.238325089041645)	(8, 39.297750628113)	(9, 39.24713710141894)	(10, 39.291355761756094)	(15, 39.51891035278986)	(20, 39.51028329429701)	(25, 39.485139142267826)	(30, 39.46096837681161)	(35, 39.50829566130254)	(40, 39.469646648148014)	(45, 39.41931980834267)	(50, 39.38283980334957)	(55, 39.36848831794097)	(60, 39.40053375096225)	(65, 39.39681240991297)	(70, 39.37008330444604)	(75, 39.385715266524564)	(80, 39.36819234624024)	(85, 39.33890979710533)	(90, 39.339832658419176)	(95, 39.29159052936551)	(100, 39.29988306263535)	(105, 39.26807596065097)	(110, 39.26065886833963)	(115, 39.20714669532102)	(120, 39.18175741587832)	(125, 39.180586113110294)	(130, 39.16291541652973)	(135, 39.15225693115657)	(140, 39.08231354245909)	(145, 39.243706066931644)
mehreen_1052_MERGE_2_val_2	(1, 38.86282142370525)	(2, 38.882632301957635)	(3, 38.980586453822426)	(4, 39.19107966980707)	(5, 39.195581230792115)	(6, 39.301435856119504)	(7, 39.31847268983757)	(8, 39.34760804958818)	(9, 39.33985284679835)	(10, 39.31308542139356)	(15, 39.3258230751965)	(20, 39.261092687626366)	(25, 39.228400889586204)	(30, 39.18967709356567)	(35, 39.153265457795236)	(40, 39.12653758319105)	(45, 39.09284607524613)	(50, 39.10400474010147)	(55, 39.082337612397474)	(60, 39.097555641482)	(65, 39.10943880500788)	(70, 39.12961691006619)	(75, 39.112537423928245)	(80, 39.0969770424934)	(85, 39.059070044172735)	(90, 39.03574149093793)	(95, 39.02466320768964)	(100, 39.037050573960315)	(105, 38.95377243126207)	(110, 38.96973579304685)	(115, 38.92182069073082)	(120, 38.9013413571369)	(125, 38.84899660691308)	(130, 38.83271476783144)	(135, 38.79775476168448)	(140, 38.80441440870837)	(145, 38.931567943288584)
mehreen_1054_MERGE_1_val_1	(1, 38.38133708859799)	(2, 38.835195384248294)	(3, 38.82673226700977)	(4, 38.982873363713324)	(5, 39.035367363713675)	(6, 39.19924753635918)	(7, 39.183220514087125)	(8, 39.304026959368244)	(9, 39.29287338626157)	(10, 39.28856730629082)	(15, 39.52122957975113)	(20, 39.513252763442175)	(25, 39.504366012610134)	(30, 39.46407858239861)	(35, 39.52896669266726)	(40, 39.49469798407291)	(45, 39.450187916856414)	(50, 39.41016590170172)	(55, 39.41166619246606)	(60, 39.42352778222967)	(65, 39.42114577703095)	(70, 39.39865160701227)	(75, 39.40153309086257)	(80, 39.384346514933085)	(85, 39.34234738371131)	(90, 39.37189169705544)	(95, 39.31591803368188)	(100, 39.31812974112462)	(105, 39.28581465712076)	(110, 39.273057358370146)	(115, 39.225241801347735)	(120, 39.19895090452727)	(125, 39.1812525974402)	(130, 39.16163446556741)	(135, 39.17959007880601)	(140, 39.11726573603487)	(145, 39.266136610408665)
mehreen_1054_MERGE_2_val_2	(1, 38.86229634387244)	(2, 38.89534544798176)	(3, 38.98743080220101)	(4, 39.20323381061017)	(5, 39.214469794639314)	(6, 39.31155309899238)	(7, 39.33721365398779)	(8, 39.356218466071056)	(9, 39.37678973322022)	(10, 39.31288568372418)	(15, 39.3207787722322)	(20, 39.288516275142186)	(25, 39.30958079853439)	(30, 39.30243733897104)	(35, 39.272728624031174)	(40, 39.24732679514976)	(45, 39.212180412644656)	(50, 39.20828349908568)	(55, 39.166861498538985)	(60, 39.171044103454406)	(65, 39.17325230338732)	(70, 39.16436653481826)	(75, 39.18666244838712)	(80, 39.171985634477565)	(85, 39.15434276233149)	(90, 39.116616894475264)	(95, 39.10916786093991)	(100, 39.12142843398699)	(105, 39.054393120005656)	(110, 39.0829513773396)	(115, 39.038821950463806)	(120, 39.01053671460035)	(125, 38.95895067820574)	(130, 38.94616227978658)	(135, 38.913090375979124)	(140, 38.93263596377287)	(145, 39.03076446756499)
mehreen_1055_MERGE_1_val_1	(1, 38.10115029683848)	(2, 38.54308049351323)	(3, 38.57828882866494)	(4, 38.84425067345168)	(5, 39.085333934676626)	(6, 39.02312533067072)	(7, 39.19530802539816)	(8, 39.27293602689291)	(9, 39.22095651541165)	(10, 39.2645129307035)	(15, 39.51828705815322)	(20, 39.50865648337066)	(25, 39.489409793263164)	(30, 39.45087035125472)	(35, 39.513428654225315)	(40, 39.477182593513305)	(45, 39.419012996414416)	(50, 39.38706953738637)	(55, 39.38428771010066)	(60, 39.39170229764779)	(65, 39.393644788971685)	(70, 39.37093801514463)	(75, 39.36816169151332)	(80, 39.35501213058392)	(85, 39.309996469890336)	(90, 39.322687687603846)	(95, 39.28389344093192)	(100, 39.289434420702115)	(105, 39.258860376591024)	(110, 39.24931565468994)	(115, 39.197541340459345)	(120, 39.16987725358049)	(125, 39.15793750070269)	(130, 39.14503520705275)	(135, 39.14728131580044)	(140, 39.07501502389067)	(145, 39.24026908132562)
mehreen_1055_MERGE_2_val_2	(1, 38.74686683405367)	(2, 38.84272646903747)	(3, 38.964039668062874)	(4, 39.21073128142639)	(5, 39.23357176588647)	(6, 39.317260823816056)	(7, 39.34520739945591)	(8, 39.372396980804496)	(9, 39.39520143673411)	(10, 39.33755555555813)	(15, 39.35206841943453)	(20, 39.307706749334244)	(25, 39.306331358090134)	(30, 39.285090332348304)	(35, 39.254462837527115)	(40, 39.22713516136606)	(45, 39.19289218914472)	(50, 39.1985393619312)	(55, 39.165211556644195)	(60, 39.1729707829242)	(65, 39.18444254315601)	(70, 39.195549372377336)	(75, 39.19955075371056)	(80, 39.18496692359185)	(85, 39.15872875756184)	(90, 39.1350339037503)	(95, 39.126432646426615)	(100, 39.13971015179389)	(105, 39.06810841236618)	(110, 39.09318563326837)	(115, 39.0517931827804)	(120, 39.03107964301323)	(125, 38.97988276612007)	(130, 38.97012377296855)	(135, 38.940331816741306)	(140, 38.949094733860605)	(145, 39.052565944188096)
mehreen_1057_MERGE_1_val_1	(1, 38.14311157641467)	(2, 38.59092498400019)	(3, 38.687165600666596)	(4, 38.84204011896892)	(5, 39.01321282161186)	(6, 39.051873683959464)	(7, 39.11528173004308)	(8, 39.097472899818655)	(9, 39.23302099489799)	(10, 39.26092381972564)	(15, 39.510797882176284)	(20, 39.51082155083283)	(25, 39.48574456262423)	(30, 39.4559944732624)	(35, 39.50613564740659)	(40, 39.46587499932609)	(45, 39.41121579941067)	(50, 39.382043186153346)	(55, 39.385181030502736)	(60, 39.39510127096452)	(65, 39.40030270258557)	(70, 39.36523038345171)	(75, 39.37678903840801)	(80, 39.35413386829504)	(85, 39.31979875137728)	(90, 39.338858956024346)	(95, 39.291553382223874)	(100, 39.2970497895873)	(105, 39.26604186297941)	(110, 39.26010977128839)	(115, 39.21537137205816)	(120, 39.19292370975616)	(125, 39.182974128315394)	(130, 39.16809638483586)	(135, 39.17672275782335)	(140, 39.12087698445224)	(145, 39.2565466961163)
mehreen_1057_MERGE_2_val_2	(1, 38.72981901486341)	(2, 38.77008627796191)	(3, 38.89656743200761)	(4, 39.14017805173848)	(5, 39.161906320351406)	(6, 39.27564822381613)	(7, 39.29593967721821)	(8, 39.345490690395124)	(9, 39.334883064941025)	(10, 39.31027972866932)	(15, 39.330439631281465)	(20, 39.30207611876174)	(25, 39.30416559612154)	(30, 39.284384133051105)	(35, 39.24575677965146)	(40, 39.231286674831296)	(45, 39.205317994907176)	(50, 39.21787129960014)	(55, 39.182653685743205)	(60, 39.19765929497235)	(65, 39.18998886855287)	(70, 39.194477085531766)	(75, 39.18648027993504)	(80, 39.16607101504002)	(85, 39.140777886241715)	(90, 39.1127256120982)	(95, 39.09567032232815)	(100, 39.10562921403698)	(105, 39.037792353632284)	(110, 39.062810090069014)	(115, 39.019305951897806)	(120, 38.99403021293544)	(125, 38.94169112051118)	(130, 38.9254011579624)	(135, 38.89870707010035)	(140, 38.90111678260247)	(145, 39.018659683987224)
mehreen_1058_MERGE_1_val_1	(1, 38.216695191963204)	(2, 38.838739052737886)	(3, 38.81473989807425)	(4, 39.0435526191851)	(5, 39.20897087986828)	(6, 39.2546087411817)	(7, 39.191481842448816)	(8, 39.18560530697268)	(9, 39.25772375642683)	(10, 39.26272396728034)	(15, 39.50284226030641)	(20, 39.493151252796125)	(25, 39.466053634651445)	(30, 39.43760332554043)	(35, 39.49307024731892)	(40, 39.45044809262722)	(45, 39.39109520400297)	(50, 39.34799236573037)	(55, 39.34820880009268)	(60, 39.386125171579785)	(65, 39.37553525430009)	(70, 39.360524786286746)	(75, 39.364332926173894)	(80, 39.34183694401)	(85, 39.314239021369715)	(90, 39.31624086405302)	(95, 39.26113245923188)	(100, 39.27257370106426)	(105, 39.24134683537424)	(110, 39.228398442460126)	(115, 39.1736273821055)	(120, 39.144597671411)	(125, 39.128858023195974)	(130, 39.114676233655885)	(135, 39.1217736480142)	(140, 39.04838253204467)	(145, 39.208614435245345)
mehreen_1058_MERGE_2_val_2	(1, 38.95839465205806)	(2, 38.98584560188406)	(3, 39.04174800446072)	(4, 39.24149519950827)	(5, 39.23520802531299)	(6, 39.334106012340754)	(7, 39.34888143712949)	(8, 39.352252600346446)	(9, 39.36235317446873)	(10, 39.28840115247364)	(15, 39.2789185323298)	(20, 39.204796063684505)	(25, 39.182403572653676)	(30, 39.15265741568636)	(35, 39.126253747740535)	(40, 39.09808505605147)	(45, 39.079589102306784)	(50, 39.09909043656357)	(55, 39.07718683565564)	(60, 39.08047658247632)	(65, 39.075932668399204)	(70, 39.09771404340291)	(75, 39.0981017703964)	(80, 39.076562488013266)	(85, 39.053276678934786)	(90, 39.023516968239726)	(95, 39.016250762103844)	(100, 39.02154425346459)	(105, 38.94155135286185)	(110, 38.96401453217835)	(115, 38.91444179511268)	(120, 38.89766266813289)	(125, 38.83734529576687)	(130, 38.82157799406583)	(135, 38.787122812191406)	(140, 38.79864728134917)	(145, 38.927660948761776)
