Sample	0	1	2	3	4	5	6	7	8	9	10	11	12	13	14	15
mehreen_1002_MERGE_1_val_1	(1.0, 8.131582066401396)	(2.0, 2.170689685838339)	(3.0, 0.7455466261435292)	(4.0, 0.4155729544114508)	(5.0, 0.28649837577584164)	(6.0, 0.2210249885989738)	(7.0, 0.1844001271699438)	(8.0, 0.15839329104395436)	(9.0, 0.14003400907195337)	('>10', 2.240983313089388)	('>50', 1.2156738870859156)	('>100', 3.9031730642346005)	('>500', 2.117998869846101)	('>1k', 6.186107732933623)	('>5k', 3.436466740439853)	('>10k+', 68.4458542679152)
mehreen_1002_MERGE_2_val_2	(1.0, 8.877638246065821)	(2.0, 2.084485825256346)	(3.0, 0.7166744061381242)	(4.0, 0.3590610601184729)	(5.0, 0.25976436733559116)	(6.0, 0.2037364296317634)	(7.0, 0.17582380389339997)	(8.0, 0.1457607003689194)	(9.0, 0.12919258132219608)	('>10', 2.278046139855605)	('>50', 1.307043109338632)	('>100', 3.8703253622637934)	('>500', 1.875899627643822)	('>1k', 5.879393560801899)	('>5k', 5.273256020064986)	('>10k+', 66.56389875990067)
mehreen_1003_MERGE_1_val_1	(1.0, 13.686724875394274)	(2.0, 3.2899355687235814)	(3.0, 1.1566932337265012)	(4.0, 0.6284345232133441)	(5.0, 0.4044621731298545)	(6.0, 0.3000328743533271)	(7.0, 0.2717845918898585)	(8.0, 0.220540727556057)	(9.0, 0.1931911369122207)	('>10', 2.915663960919905)	('>50', 1.4249504780502573)	('>100', 3.9025951495412396)	('>500', 1.9233596799137043)	('>1k', 5.704628394095991)	('>5k', 3.3988452812236956)	('>10k+', 60.57815735135621)
mehreen_1003_MERGE_2_val_2	(1.0, 15.031864873676431)	(2.0, 3.183254575184108)	(3.0, 1.0208262584650956)	(4.0, 0.5372391369894858)	(5.0, 0.35523871783206773)	(6.0, 0.28698793785271937)	(7.0, 0.22786861862316188)	(8.0, 0.20881571227485646)	(9.0, 0.18140101788082286)	('>10', 2.8752009993895338)	('>50', 1.3575479005560502)	('>100', 3.6081466611290796)	('>500', 1.5914720172539958)	('>1k', 6.15517145252316)	('>5k', 6.289394797854565)	('>10k+', 57.08956932251493)
mehreen_1004_MERGE_1_val_1	(1.0, 16.168615096977206)	(2.0, 4.036495194166397)	(3.0, 1.4317054436886658)	(4.0, 0.7270687496213608)	(5.0, 0.47455196125774735)	(6.0, 0.363368130549695)	(7.0, 0.27844042663745794)	(8.0, 0.23466622576403762)	(9.0, 0.1916422935333326)	('>10', 2.9110166809319216)	('>50', 1.3371686386764403)	('>100', 3.84495458255426)	('>500', 1.9497767386251272)	('>1k', 5.747459369578226)	('>5k', 3.626287540877151)	('>10k+', 56.67678292656097)
mehreen_1004_MERGE_2_val_2	(1.0, 17.92351442404435)	(2.0, 3.76526609545183)	(3.0, 1.1719558917193607)	(4.0, 0.5559224460756108)	(5.0, 0.3640488076839957)	(6.0, 0.26711571726335787)	(7.0, 0.23625765107324254)	(8.0, 0.1847613202589058)	(9.0, 0.17443110527562972)	('>10', 2.6424253422812134)	('>50', 1.2953406763415969)	('>100', 3.6868056694385767)	('>500', 1.7569327121502165)	('>1k', 6.105087621440201)	('>5k', 5.992226339714559)	('>10k+', 53.87790817978748)
mehreen_1005_MERGE_1_val_1	(1.0, 13.084364940657508)	(2.0, 3.355032917461674)	(3.0, 1.1846519401973956)	(4.0, 0.6101393699393381)	(5.0, 0.40361359329686775)	(6.0, 0.3254167574154609)	(7.0, 0.2504905521451632)	(8.0, 0.21570695693889355)	(9.0, 0.18848435007444153)	('>10', 2.742887453485739)	('>50', 1.284288420246699)	('>100', 3.474925429585138)	('>500', 1.8324305962762033)	('>1k', 4.998806887488703)	('>5k', 3.7876308557897524)	('>10k+', 62.26112897900098)
mehreen_1005_MERGE_2_val_2	(1.0, 14.569182710207574)	(2.0, 3.2215451494549936)	(3.0, 1.0186938762865034)	(4.0, 0.5246278475845884)	(5.0, 0.35971934431654823)	(6.0, 0.278944588681907)	(7.0, 0.2240461486985737)	(8.0, 0.1952406829625607)	(9.0, 0.1717890369528621)	('>10', 2.674766463695116)	('>50', 1.220877743617862)	('>100', 3.187534343573057)	('>500', 1.408066257734994)	('>1k', 5.2601247009211)	('>5k', 5.571510348381843)	('>10k+', 60.11333075692994)
mehreen_1006_MERGE_1_val_1	(1.0, 8.697815118268199)	(2.0, 2.392114852898903)	(3.0, 0.8648352894700907)	(4.0, 0.4446697226548022)	(5.0, 0.29407530397301146)	(6.0, 0.222149683680318)	(7.0, 0.1867167891843357)	(8.0, 0.1743091801285277)	(9.0, 0.15577715240916185)	('>10', 2.439163513346774)	('>50', 1.2645745719791517)	('>100', 3.736119585445672)	('>500', 2.082314703848755)	('>1k', 6.3289800520013335)	('>5k', 3.457397287700171)	('>10k+', 67.25898719301084)
mehreen_1006_MERGE_2_val_2	(1.0, 9.471922600234125)	(2.0, 2.326303638709881)	(3.0, 0.7518660614104549)	(4.0, 0.3955216638648642)	(5.0, 0.26630244797898267)	(6.0, 0.2089539029689543)	(7.0, 0.1881150037751829)	(8.0, 0.1513083623313657)	(9.0, 0.14911668392357777)	('>10', 2.387382034475603)	('>50', 1.2471653444699236)	('>100', 3.550217510816067)	('>500', 1.8217204510112897)	('>1k', 6.343324770593288)	('>5k', 5.762668413661809)	('>10k+', 64.97811110977464)
mehreen_1007_MERGE_1_val_1	(1.0, 15.382955105163814)	(2.0, 5.11597310917132)	(3.0, 2.0099884409826645)	(4.0, 0.98989268504391)	(5.0, 0.630459464523449)	(6.0, 0.4556594802495838)	(7.0, 0.34631574323397707)	(8.0, 0.3036530752098235)	(9.0, 0.24854427151165207)	('>10', 3.4289319851567046)	('>50', 1.4226287709248033)	('>100', 3.82580731418675)	('>500', 1.8854695103119041)	('>1k', 5.9160129682287055)	('>5k', 3.4816460399952924)	('>10k+', 54.55606203610568)
mehreen_1007_MERGE_2_val_2	(1.0, 17.16937490736307)	(2.0, 5.163377132494718)	(3.0, 1.8229344789388413)	(4.0, 0.8294165388742438)	(5.0, 0.503964813489444)	(6.0, 0.3706209024680045)	(7.0, 0.29483748220241646)	(8.0, 0.2522353281963227)	(9.0, 0.2143164489991841)	('>10', 3.106606657365362)	('>50', 1.4123773553209304)	('>100', 3.5747357850480723)	('>500', 1.9157928343918489)	('>1k', 8.421533065935712)	('>5k', 7.746453069794552)	('>10k+', 47.20142319911732)
mehreen_1009_MERGE_1_val_1	(1.0, 17.651624554119888)	(2.0, 4.867311033042757)	(3.0, 1.657010677852929)	(4.0, 0.8001049789458953)	(5.0, 0.5160923998844271)	(6.0, 0.35563799191637463)	(7.0, 0.29523997217926545)	(8.0, 0.2633301641682084)	(9.0, 0.2145035545375152)	('>10', 2.8600733501327578)	('>50', 1.241008105363672)	('>100', 3.2154432347475814)	('>500', 1.4404410474877096)	('>1k', 4.049493901442748)	('>5k', 2.828565325176452)	('>10k+', 57.74411970900185)
mehreen_1009_MERGE_2_val_2	(1.0, 19.517922541166822)	(2.0, 4.68676203728288)	(3.0, 1.3610533976168997)	(4.0, 0.6226947516810686)	(5.0, 0.40555878180695787)	(6.0, 0.322920101843244)	(7.0, 0.25418189092383436)	(8.0, 0.22548205973045174)	(9.0, 0.19388697156266496)	('>10', 2.703995778365302)	('>50', 1.1535926503473988)	('>100', 2.718418790461838)	('>500', 1.0508752788545959)	('>1k', 4.300508511832793)	('>5k', 4.5125591661465485)	('>10k+', 55.969587290376644)
mehreen_1011_MERGE_1_val_1	(1.0, 15.555601911685816)	(2.0, 3.6671826853667127)	(3.0, 1.2773921981530225)	(4.0, 0.6493692298683531)	(5.0, 0.43779376280757676)	(6.0, 0.3182312092467821)	(7.0, 0.24829256588481696)	(8.0, 0.22986074739601406)	(9.0, 0.18472731094325184)	('>10', 2.8119846085161315)	('>50', 1.2370770719363327)	('>100', 3.285009425976135)	('>500', 1.6057153862079239)	('>1k', 5.346710775663427)	('>5k', 3.831026030543173)	('>10k+', 59.31402507980443)
mehreen_1011_MERGE_2_val_2	(1.0, 17.324421972517573)	(2.0, 3.491554275490309)	(3.0, 1.0407404159198441)	(4.0, 0.5331619539987332)	(5.0, 0.37824248596702853)	(6.0, 0.2850794867069617)	(7.0, 0.24105555161944603)	(8.0, 0.19192575497466371)	(9.0, 0.17803087574657783)	('>10', 2.700422719142345)	('>50', 1.0842889503945514)	('>100', 2.503907881106868)	('>500', 1.26164543591071)	('>1k', 6.912092700546251)	('>5k', 6.815098298293081)	('>10k+', 55.058331241665115)
mehreen_1014_MERGE_1_val_1	(1.0, 6.289145453724773)	(2.0, 1.70656139138509)	(3.0, 0.6324976934529062)	(4.0, 0.335833366352386)	(5.0, 0.23886213363001782)	(6.0, 0.18717743325204517)	(7.0, 0.1571686098385076)	(8.0, 0.13208170955446993)	(9.0, 0.11416707172275117)	('>10', 1.8358848532773493)	('>50', 0.904000008378391)	('>100', 2.4783244391076678)	('>500', 1.310671518645767)	('>1k', 4.823265610946099)	('>5k', 3.474516896378167)	('>10k+', 75.37984181035358)
mehreen_1014_MERGE_2_val_2	(1.0, 7.075748584141792)	(2.0, 1.64912023122772)	(3.0, 0.5610260785924246)	(4.0, 0.28969362497649503)	(5.0, 0.21654120584325237)	(6.0, 0.17071273884514684)	(7.0, 0.14484106933627033)	(8.0, 0.12380796364228758)	(9.0, 0.11327249919174232)	('>10', 1.7974092500967906)	('>50', 0.7322384304467116)	('>100', 1.7429499245522304)	('>500', 1.0482470274103948)	('>1k', 5.1850338535204115)	('>5k', 5.206298094357561)	('>10k+', 73.94305942381872)
mehreen_1015_MERGE_1_val_1	(1.0, 14.485023073450204)	(2.0, 3.953649993362638)	(3.0, 1.480472773444993)	(4.0, 0.8429042524973738)	(5.0, 0.5549457527383277)	(6.0, 0.40706744340174694)	(7.0, 0.3113189423758025)	(8.0, 0.2725600409107455)	(9.0, 0.2297176353573966)	('>10', 3.0285048673806525)	('>50', 1.1883501829324963)	('>100', 3.049977214619232)	('>500', 1.4943619312989316)	('>1k', 5.017719820167155)	('>5k', 3.6830562868641605)	('>10k+', 60.000369789198174)
mehreen_1015_MERGE_2_val_2	(1.0, 16.597181165177386)	(2.0, 3.8729804776656973)	(3.0, 1.3141995024908892)	(4.0, 0.6770859472529841)	(5.0, 0.4346989241754479)	(6.0, 0.32425455436274986)	(7.0, 0.28684753431777005)	(8.0, 0.22785867942070637)	(9.0, 0.2004805904034133)	('>10', 2.715174390598912)	('>50', 0.9818175324977456)	('>100', 2.172832005051547)	('>500', 1.183660048858984)	('>1k', 6.433995727388492)	('>5k', 6.272620631134992)	('>10k+', 56.304312289202265)
mehreen_1016_MERGE_1_val_1	(1.0, 3.4565431638058293)	(2.0, 1.0299258931027873)	(3.0, 0.3928608138524855)	(4.0, 0.22422833808327966)	(5.0, 0.15911308768805657)	(6.0, 0.12668041427280452)	(7.0, 0.10385689601705925)	(8.0, 0.09719586840896956)	(9.0, 0.08511991166531604)	('>10', 1.4544790421247593)	('>50', 0.7663045283751039)	('>100', 2.271908049210781)	('>500', 1.2412005798663492)	('>1k', 4.116458756166438)	('>5k', 3.186409016201422)	('>10k+', 81.28771564115856)
mehreen_1016_MERGE_2_val_2	(1.0, 3.962892549008407)	(2.0, 1.0495761979462364)	(3.0, 0.37926366953943863)	(4.0, 0.21297293947529494)	(5.0, 0.15876797047911084)	(6.0, 0.12499169510776782)	(7.0, 0.11359347609016208)	(8.0, 0.09921657761325306)	(9.0, 0.08945060093275772)	('>10', 1.545999981144988)	('>50', 0.7278525864001711)	('>100', 1.7811044039407025)	('>500', 1.0211747468910526)	('>1k', 4.343296300773024)	('>5k', 3.4874061460003354)	('>10k+', 80.90244015865728)
mehreen_1018_MERGE_1_val_1	(1.0, 16.775357355907488)	(2.0, 5.44129563753517)	(3.0, 2.327417794187683)	(4.0, 1.225187951599068)	(5.0, 0.8262087116685055)	(6.0, 0.5825061555478214)	(7.0, 0.47772493376331593)	(8.0, 0.3821558248458386)	(9.0, 0.3430292809322415)	('>10', 4.21017054978371)	('>50', 1.6644398532978697)	('>100', 4.271099008951322)	('>500', 2.022379691886655)	('>1k', 5.240220870061367)	('>5k', 2.9989413086800423)	('>10k+', 51.211865071351916)
mehreen_1018_MERGE_2_val_2	(1.0, 19.675720374646264)	(2.0, 5.48432174837212)	(3.0, 1.9977282762241648)	(4.0, 0.9531845443745376)	(5.0, 0.6190487127223671)	(6.0, 0.47092262181418704)	(7.0, 0.3567257215438067)	(8.0, 0.3130097004699585)	(9.0, 0.24541387232829018)	('>10', 3.868421535893401)	('>50', 1.6202426431310275)	('>100', 3.9504256821627455)	('>500', 1.696202115969157)	('>1k', 5.192376510047879)	('>5k', 4.519983493000222)	('>10k+', 49.03627244729981)
mehreen_1020_MERGE_1_val_1	(1.0, 8.742261787671596)	(2.0, 2.7121142057870506)	(3.0, 1.0851849262093938)	(4.0, 0.6063317451427125)	(5.0, 0.42280005041204227)	(6.0, 0.3026263362670813)	(7.0, 0.255700458615027)	(8.0, 0.21769967842744203)	(9.0, 0.18475232917617818)	('>10', 2.7199535944350677)	('>50', 1.258107421593203)	('>100', 3.6592741673057776)	('>500', 1.8633064997107422)	('>1k', 6.267309723299408)	('>5k', 4.232920212677696)	('>10k+', 65.46965686326958)
mehreen_1020_MERGE_2_val_2	(1.0, 10.088738067717264)	(2.0, 2.716981080617825)	(3.0, 0.9656811213263509)	(4.0, 0.5334041247717386)	(5.0, 0.334933099022112)	(6.0, 0.26141993821515846)	(7.0, 0.21802987112728733)	(8.0, 0.18415615720074446)	(9.0, 0.15919146417261062)	('>10', 2.5902812539294056)	('>50', 1.182182342017645)	('>100', 3.329782320303228)	('>500', 1.7387311227319437)	('>1k', 6.596129561638003)	('>5k', 5.516370189219995)	('>10k+', 63.583988285988745)
mehreen_1021_MERGE_1_val_1	(1.0, 13.442161150216183)	(2.0, 4.1294938389279405)	(3.0, 1.6305436885573221)	(4.0, 0.896492136171632)	(5.0, 0.5895217182100048)	(6.0, 0.4548876392351051)	(7.0, 0.34321080664002884)	(8.0, 0.28183419176905133)	(9.0, 0.24012234909294478)	('>10', 3.290779307104588)	('>50', 1.3631061609124406)	('>100', 3.5264056816815534)	('>500', 1.741050116690899)	('>1k', 5.469370955676471)	('>5k', 3.476441921930932)	('>10k+', 59.12457833718283)
mehreen_1021_MERGE_2_val_2	(1.0, 15.67591458942321)	(2.0, 4.065729825663674)	(3.0, 1.4003024523834795)	(4.0, 0.6875402846191886)	(5.0, 0.45514692986607747)	(6.0, 0.33532543678592935)	(7.0, 0.2789672098887868)	(8.0, 0.24952425113675047)	(9.0, 0.2183889439570437)	('>10', 2.977508237661651)	('>50', 1.2961602325973514)	('>100', 3.1056259995110636)	('>500', 1.4779222419131288)	('>1k', 5.955017389960401)	('>5k', 5.382779388231785)	('>10k+', 56.438146586400485)
mehreen_1023_MERGE_1_val_1	(1.0, 8.205384677180463)	(2.0, 2.3800924080398054)	(3.0, 0.8509406203283696)	(4.0, 0.45176687747405875)	(5.0, 0.29301829532129814)	(6.0, 0.21845283999593468)	(7.0, 0.1785092607401672)	(8.0, 0.15382342259755907)	(9.0, 0.13368899932760916)	('>10', 1.8890736046854997)	('>50', 0.8668124464125969)	('>100', 2.3690220994106537)	('>500', 1.2411771411320156)	('>1k', 4.292219466614991)	('>5k', 3.181445408206068)	('>10k+', 73.29457243253292)
mehreen_1023_MERGE_2_val_2	(1.0, 9.470260762511677)	(2.0, 2.3480873068089396)	(3.0, 0.7774427620993207)	(4.0, 0.38702834625926663)	(5.0, 0.2646913910713024)	(6.0, 0.19722190982046053)	(7.0, 0.1672250788632181)	(8.0, 0.14539718678364433)	(9.0, 0.12378024274272344)	('>10', 1.8245075202175043)	('>50', 0.7569265531138571)	('>100', 1.8347817611847692)	('>500', 0.9915648574769453)	('>1k', 4.554969312854906)	('>5k', 4.126090918374347)	('>10k+', 72.03002408981709)
mehreen_1024_MERGE_1_val_1	(1.0, 8.305364657363908)	(2.0, 2.2034082537884454)	(3.0, 0.8232487134768596)	(4.0, 0.4380405871566826)	(5.0, 0.3082586641080708)	(6.0, 0.23923118273640748)	(7.0, 0.1984942023566323)	(8.0, 0.16766446745632965)	(9.0, 0.1405988595900403)	('>10', 2.3554535025504686)	('>50', 1.1448336656181266)	('>100', 3.1360552577993848)	('>500', 1.7335992093705426)	('>1k', 5.614934537161653)	('>5k', 3.969359597002569)	('>10k+', 69.22145464246393)
mehreen_1024_MERGE_2_val_2	(1.0, 9.335131762409848)	(2.0, 2.170390327742854)	(3.0, 0.7481314728340737)	(4.0, 0.4027029551445753)	(5.0, 0.28274822334353455)	(6.0, 0.22547146610203583)	(7.0, 0.19426525928132843)	(8.0, 0.15932235627711527)	(9.0, 0.15036658355974677)	('>10', 2.302309170555712)	('>50', 1.0712429687871627)	('>100', 2.7615170602195547)	('>500', 1.5279112990496662)	('>1k', 6.604458531328817)	('>5k', 5.620415422017755)	('>10k+', 66.44361514134623)
mehreen_1025_MERGE_1_val_1	(1.0, 17.031179917467)	(2.0, 5.055172459727259)	(3.0, 1.9859201672205589)	(4.0, 1.0168051202865787)	(5.0, 0.6585858418373016)	(6.0, 0.5071903794399109)	(7.0, 0.40830347762449687)	(8.0, 0.310932492613839)	(9.0, 0.2776028617318764)	('>10', 3.756285403212117)	('>50', 1.579407363644396)	('>100', 4.0342414809354255)	('>500', 1.8385766302930868)	('>1k', 5.196330920616857)	('>5k', 2.9977944706582864)	('>10k+', 53.34567101269094)
mehreen_1025_MERGE_2_val_2	(1.0, 19.46462002531894)	(2.0, 4.975582924386882)	(3.0, 1.6556563649799516)	(4.0, 0.8461956566897528)	(5.0, 0.5145228602102675)	(6.0, 0.3930439464211802)	(7.0, 0.32109605691083)	(8.0, 0.29969342154538997)	(9.0, 0.248162574411741)	('>10', 3.600546282142387)	('>50', 1.5603490973597738)	('>100', 3.782183703084533)	('>500', 1.5629856146334422)	('>1k', 5.2403119988723885)	('>5k', 4.474990768757591)	('>10k+', 51.06005870427494)
mehreen_1027_MERGE_1_val_1	(1.0, 6.101319149713471)	(2.0, 1.8986657001699232)	(3.0, 0.7408040475723604)	(4.0, 0.4154313435079268)	(5.0, 0.26347409734951893)	(6.0, 0.1996301241633305)	(7.0, 0.17603754186973675)	(8.0, 0.14120818127543341)	(9.0, 0.12345654684856319)	('>10', 1.7760458872039808)	('>50', 0.8309922500632245)	('>100', 2.2236141733115455)	('>500', 1.1072758225816455)	('>1k', 3.5265232825140833)	('>5k', 2.6192336669366383)	('>10k+', 77.85628818491864)
mehreen_1027_MERGE_2_val_2	(1.0, 7.008074327306733)	(2.0, 1.9088651717461917)	(3.0, 0.7136921495828089)	(4.0, 0.3547477431389697)	(5.0, 0.23890316537702522)	(6.0, 0.1831022755739717)	(7.0, 0.15666073510479722)	(8.0, 0.13432252785456886)	(9.0, 0.12281850357645663)	('>10', 1.877289603731586)	('>50', 0.780464468422845)	('>100', 1.6714805384392857)	('>500', 0.8308889399016589)	('>1k', 3.31356070338502)	('>5k', 2.7392449143897)	('>10k+', 77.96588423246837)
mehreen_1028_MERGE_1_val_1	(1.0, 14.359507547794454)	(2.0, 3.856357802967373)	(3.0, 1.4659319321320772)	(4.0, 0.8164937961022587)	(5.0, 0.5571421830419134)	(6.0, 0.4162522601288021)	(7.0, 0.3177581403693856)	(8.0, 0.28633462213613814)	(9.0, 0.2278690677201042)	('>10', 3.334160734109379)	('>50', 1.408439220623865)	('>100', 3.340016361025129)	('>500', 1.4702189015439415)	('>1k', 4.15986493127398)	('>5k', 2.9003874836271195)	('>10k+', 61.08326501540412)
mehreen_1028_MERGE_2_val_2	(1.0, 15.976463244403835)	(2.0, 3.756541200436167)	(3.0, 1.3399972785771619)	(4.0, 0.7333804940285901)	(5.0, 0.48872513919717514)	(6.0, 0.3721321285665216)	(7.0, 0.3041805550884189)	(8.0, 0.23565514943691465)	(9.0, 0.2177049175055822)	('>10', 3.2416051743031233)	('>50', 1.294748271126982)	('>100', 2.680430993098311)	('>500', 1.050704519108983)	('>1k', 4.1729810237013885)	('>5k', 4.037278321262225)	('>10k+', 60.097471590158676)
mehreen_1029_MERGE_1_val_1	(1.0, 17.986005344702008)	(2.0, 5.366262542199494)	(3.0, 2.1059073947742943)	(4.0, 1.1801382682030797)	(5.0, 0.7798050845035689)	(6.0, 0.552256981255371)	(7.0, 0.44992936509877207)	(8.0, 0.3880121561184951)	(9.0, 0.33529129228467464)	('>10', 4.227026156541874)	('>50', 1.6647858185063937)	('>100', 3.8916696600017064)	('>500', 1.662098926388247)	('>1k', 5.256555041053629)	('>5k', 3.58935630258926)	('>10k+', 50.56489966577924)
mehreen_1029_MERGE_2_val_2	(1.0, 20.552946618631932)	(2.0, 5.286080379540933)	(3.0, 1.885942177977496)	(4.0, 0.9686690693008956)	(5.0, 0.6535003765656282)	(6.0, 0.5027506872010249)	(7.0, 0.3932174823622932)	(8.0, 0.3070217660061284)	(9.0, 0.28944302197949107)	('>10', 3.9141744817598974)	('>50', 1.475434627861407)	('>100', 2.981740115293215)	('>500', 1.504157569877586)	('>1k', 6.539201572472147)	('>5k', 5.90545517799162)	('>10k+', 46.84026487517832)
mehreen_1030_MERGE_1_val_1	(1.0, 11.792986918763933)	(2.0, 5.439469234227254)	(3.0, 2.4732938271933627)	(4.0, 1.2518978219033303)	(5.0, 0.717703326795639)	(6.0, 0.4885581293014191)	(7.0, 0.37048336368501417)	(8.0, 0.30750144285661746)	(9.0, 0.2655362374269702)	('>10', 3.475373996790059)	('>50', 1.4958007470446926)	('>100', 4.157351849556142)	('>500', 2.0873472052421174)	('>1k', 5.23149066751695)	('>5k', 2.571170871079461)	('>10k+', 57.874034360617046)
mehreen_1030_MERGE_2_val_2	(1.0, 13.666555571379618)	(2.0, 5.733504051707137)	(3.0, 2.4144964763405303)	(4.0, 1.0757827485021438)	(5.0, 0.605580719773954)	(6.0, 0.38521838967045835)	(7.0, 0.3089614443989976)	(8.0, 0.2800851026110005)	(9.0, 0.21868927143088496)	('>10', 3.38122419530422)	('>50', 1.5620038245707626)	('>100', 4.245603488488881)	('>500', 1.8778390124034972)	('>1k', 4.341720748192993)	('>5k', 2.750683283785375)	('>10k+', 57.152051671439565)
mehreen_1031_MERGE_1_val_1	(1.0, 15.3172472021586)	(2.0, 4.448735286796966)	(3.0, 1.7250853942523552)	(4.0, 0.9126378327011193)	(5.0, 0.6071332412392704)	(6.0, 0.43648347331981263)	(7.0, 0.3686678674589364)	(8.0, 0.31719300496635267)	(9.0, 0.24514518546618794)	('>10', 3.5527462767622904)	('>50', 1.5191545389273053)	('>100', 4.106353945608198)	('>500', 2.0236401003805615)	('>1k', 5.635710510142916)	('>5k', 3.292552044506096)	('>10k+', 55.491514095313)
mehreen_1031_MERGE_2_val_2	(1.0, 17.491185246884775)	(2.0, 4.377620306314049)	(3.0, 1.4700940049943731)	(4.0, 0.7191495319235146)	(5.0, 0.4959007067914555)	(6.0, 0.3581446037010374)	(7.0, 0.2848268912187342)	(8.0, 0.24151001690999352)	(9.0, 0.23150042428823409)	('>10', 3.2736959280299223)	('>50', 1.4610761434959854)	('>100', 3.678520117672299)	('>500', 1.678753299435849)	('>1k', 5.928338579831459)	('>5k', 5.728067866601572)	('>10k+', 52.58161633190681)
mehreen_1032_MERGE_1_val_1	(1.0, 16.915607563473465)	(2.0, 4.866670323910666)	(3.0, 1.7592350336332176)	(4.0, 0.9140783845262046)	(5.0, 0.5582349910910039)	(6.0, 0.40372505359986316)	(7.0, 0.32394868587913833)	(8.0, 0.26022734687525106)	(9.0, 0.21960479546021178)	('>10', 3.1134689798269783)	('>50', 1.31998362199168)	('>100', 3.4617841767139645)	('>500', 1.6828368015427184)	('>1k', 4.780098274700256)	('>5k', 3.1231420314860077)	('>10k+', 56.29735393528945)
mehreen_1032_MERGE_2_val_2	(1.0, 19.118785699756625)	(2.0, 4.699939652991297)	(3.0, 1.4367541098447547)	(4.0, 0.693777778056201)	(5.0, 0.4281356119670212)	(6.0, 0.3094047038576185)	(7.0, 0.26412036705900915)	(8.0, 0.2211745911033929)	(9.0, 0.18663437230898894)	('>10', 2.8565290493166784)	('>50', 1.2787872589180025)	('>100', 3.1896308771658637)	('>500', 1.3843474178883395)	('>1k', 4.657086973813571)	('>5k', 4.793282205161075)	('>10k+', 54.4816093307916)
mehreen_1033_MERGE_1_val_1	(1.0, 15.237109483119179)	(2.0, 5.105078541762393)	(3.0, 2.0326054007599037)	(4.0, 1.0501238831055641)	(5.0, 0.6422820948682388)	(6.0, 0.49073551418661)	(7.0, 0.3536269142953992)	(8.0, 0.3068499403816541)	(9.0, 0.2674091183518856)	('>10', 3.6196376604435843)	('>50', 1.5424354643825684)	('>100', 4.200455712642412)	('>500', 2.079671661509206)	('>1k', 5.449635460872364)	('>5k', 2.914773110734799)	('>10k+', 54.70757003858413)
mehreen_1033_MERGE_2_val_2	(1.0, 17.26029732195299)	(2.0, 5.104470831983818)	(3.0, 1.825875836601994)	(4.0, 0.8553847364612621)	(5.0, 0.539179639320182)	(6.0, 0.3990770926747859)	(7.0, 0.2994963400016518)	(8.0, 0.2684616310562196)	(9.0, 0.23219466877836548)	('>10', 3.298683049028968)	('>50', 1.5463421588783994)	('>100', 4.043743644053868)	('>500', 1.8330847494110316)	('>1k', 5.109587846358178)	('>5k', 4.21973361843926)	('>10k+', 53.164386834999014)
mehreen_1034_MERGE_1_val_1	(1.0, 13.110921603388274)	(2.0, 3.5538534579526755)	(3.0, 1.269531135738259)	(4.0, 0.6416515113102395)	(5.0, 0.44324392802063695)	(6.0, 0.3504278856605303)	(7.0, 0.266511973203387)	(8.0, 0.2328682579376418)	(9.0, 0.19964025825898163)	('>10', 2.8968506711224347)	('>50', 1.3579199365306251)	('>100', 3.8879174199514366)	('>500', 1.9658719329596552)	('>1k', 5.825499281596035)	('>5k', 3.797460490315933)	('>10k+', 60.199830256053176)
mehreen_1034_MERGE_2_val_2	(1.0, 14.550044768455471)	(2.0, 3.4444807266673116)	(3.0, 1.1315437865948335)	(4.0, 0.5508428465009751)	(5.0, 0.3446170984042919)	(6.0, 0.30135318862041705)	(7.0, 0.23208285866429618)	(8.0, 0.19740138798116413)	(9.0, 0.18616925815626062)	('>10', 2.7206364504722536)	('>50', 1.2948890178643793)	('>100', 3.6945781974634704)	('>500', 1.791910483216646)	('>1k', 6.210864962142434)	('>5k', 5.9638812185191545)	('>10k+', 57.384703750276614)
mehreen_1035_MERGE_1_val_1	(1.0, 13.861331862033827)	(2.0, 4.138469471632969)	(3.0, 1.5784545595479322)	(4.0, 0.8432743142751371)	(5.0, 0.5471822973931655)	(6.0, 0.40467212776331374)	(7.0, 0.31908447846013765)	(8.0, 0.2733201534793254)	(9.0, 0.239229018987902)	('>10', 3.248279057321836)	('>50', 1.4184642019750808)	('>100', 3.9584618582661637)	('>500', 1.968322229846764)	('>1k', 5.379923090765054)	('>5k', 3.314508382713183)	('>10k+', 58.507022895538285)
mehreen_1035_MERGE_2_val_2	(1.0, 15.69623678089761)	(2.0, 4.108952252037889)	(3.0, 1.3942331184665475)	(4.0, 0.6594308619980168)	(5.0, 0.46233494278030696)	(6.0, 0.3331821430989079)	(7.0, 0.2630736885192094)	(8.0, 0.23727118452906681)	(9.0, 0.19434610008000405)	('>10', 3.0301238792875043)	('>50', 1.3560067434881655)	('>100', 3.764285455815871)	('>500', 1.668481029686887)	('>1k', 5.2675216696775475)	('>5k', 4.820411590078795)	('>10k+', 56.744108559557645)
mehreen_1036_MERGE_1_val_1	(1.0, 14.111826899526376)	(2.0, 3.804596040445259)	(3.0, 1.3495809258639764)	(4.0, 0.7125463202250447)	(5.0, 0.45462656137910856)	(6.0, 0.3217688799870598)	(7.0, 0.27062428453371595)	(8.0, 0.2302471642610216)	(9.0, 0.21524761446587223)	('>10', 2.8311852509242095)	('>50', 1.3077604954897393)	('>100', 3.639739418235026)	('>500', 1.820504560565998)	('>1k', 5.0570523508342315)	('>5k', 3.1863657507891747)	('>10k+', 60.68632748247412)
mehreen_1036_MERGE_2_val_2	(1.0, 15.99032037409785)	(2.0, 3.656532263288464)	(3.0, 1.1729368038228078)	(4.0, 0.5524581648517712)	(5.0, 0.3700985758118631)	(6.0, 0.2877207542196397)	(7.0, 0.23195136961007384)	(8.0, 0.20944128937705284)	(9.0, 0.1719510489899789)	('>10', 2.8102251927270934)	('>50', 1.3304041299774745)	('>100', 3.570469326544297)	('>500', 1.5335691145960415)	('>1k', 5.158286985935304)	('>5k', 4.491181147221361)	('>10k+', 58.46245345892896)
mehreen_1037_MERGE_1_val_1	(1.0, 13.844760020920132)	(2.0, 4.518525743132308)	(3.0, 1.7642623869147924)	(4.0, 0.9473710842892039)	(5.0, 0.6024653190347973)	(6.0, 0.46942802498882535)	(7.0, 0.36532363829771297)	(8.0, 0.3030960621893727)	(9.0, 0.2803560154614278)	('>10', 3.8168007129094716)	('>50', 1.5696962074252294)	('>100', 3.9726635197105136)	('>500', 1.8936328288902446)	('>1k', 5.149242579717241)	('>5k', 3.214570373744454)	('>10k+', 57.287805482374246)
mehreen_1037_MERGE_2_val_2	(1.0, 15.584881468507053)	(2.0, 4.522736796712733)	(3.0, 1.6722540264129675)	(4.0, 0.842183597352924)	(5.0, 0.5539991179276714)	(6.0, 0.4173437133195448)	(7.0, 0.33182213339193656)	(8.0, 0.27967722707792086)	(9.0, 0.23995620355409808)	('>10', 3.5978269667249463)	('>50', 1.528183223313228)	('>100', 3.726676625542475)	('>500', 1.6498780282155414)	('>1k', 5.9725906629726735)	('>5k', 5.263333375153291)	('>10k+', 53.81665683382104)
mehreen_1038_MERGE_1_val_1	(1.0, 10.53758467056241)	(2.0, 3.1228044754360607)	(3.0, 1.2162885664174319)	(4.0, 0.6557718081492775)	(5.0, 0.459885689809813)	(6.0, 0.3464473792471511)	(7.0, 0.2789457710235704)	(8.0, 0.23809996616207915)	(9.0, 0.20421429502582392)	('>10', 3.071625604160115)	('>50', 1.3703016726408013)	('>100', 3.540932063848939)	('>500', 1.7524908420116128)	('>1k', 6.064171541819973)	('>5k', 4.157391601189424)	('>10k+', 62.98304405249559)
mehreen_1038_MERGE_2_val_2	(1.0, 11.950168045954948)	(2.0, 3.083518711958287)	(3.0, 1.0512380598909603)	(4.0, 0.543904302194756)	(5.0, 0.3856662887691161)	(6.0, 0.29771743025695474)	(7.0, 0.2636734456604113)	(8.0, 0.2154500363358419)	(9.0, 0.18544691545690817)	('>10', 2.780068500260459)	('>50', 1.1694762562772905)	('>100', 2.7394684147061197)	('>500', 1.3125659110405627)	('>1k', 6.816420495992219)	('>5k', 7.203895329321068)	('>10k+', 60.001321855924026)
mehreen_1039_MERGE_1_val_1	(1.0, 22.995657966612054)	(2.0, 6.904489052998038)	(3.0, 2.712211221761702)	(4.0, 1.4146328506148826)	(5.0, 0.8582398291257188)	(6.0, 0.6597399660563839)	(7.0, 0.5150693825108448)	(8.0, 0.42066059744800316)	(9.0, 0.3321787178424127)	('>10', 4.391212588503291)	('>50', 1.7034822167597738)	('>100', 4.142401989899528)	('>500', 1.880130960550099)	('>1k', 5.4282170497891045)	('>5k', 3.439758846874811)	('>10k+', 42.20191676265337)
mehreen_1039_MERGE_2_val_2	(1.0, 26.748481612899074)	(2.0, 6.690758753488933)	(3.0, 2.2010753797299882)	(4.0, 1.0137574141754666)	(5.0, 0.637278599752483)	(6.0, 0.501071397044529)	(7.0, 0.38808073534719156)	(8.0, 0.3339293769129183)	(9.0, 0.2820796855004419)	('>10', 3.8537268116058274)	('>50', 1.466109007556223)	('>100', 3.54110261060461)	('>500', 1.9208143229862158)	('>1k', 7.9740877961771846)	('>5k', 6.105869665695354)	('>10k+', 36.34177683052366)
mehreen_1040_MERGE_1_val_1	(1.0, 21.811616788638062)	(2.0, 5.727057704267309)	(3.0, 1.9413942188819033)	(4.0, 0.9671632495368369)	(5.0, 0.6050688666868119)	(6.0, 0.4170796202881787)	(7.0, 0.3319828508437718)	(8.0, 0.2461875382841664)	(9.0, 0.22073755755735702)	('>10', 3.0634376325782484)	('>50', 1.2950487528443082)	('>100', 3.088791159641206)	('>500', 1.35618492189048)	('>1k', 4.417093572870306)	('>5k', 3.2020522547311283)	('>10k+', 51.309103310459825)
mehreen_1040_MERGE_2_val_2	(1.0, 24.14256777687659)	(2.0, 5.317358152434115)	(3.0, 1.5412455631299844)	(4.0, 0.7054936470268542)	(5.0, 0.413448789108915)	(6.0, 0.3276854404664497)	(7.0, 0.2812931180288228)	(8.0, 0.22947127238464576)	(9.0, 0.1973719040448268)	('>10', 2.785130467588785)	('>50', 1.0882135229445808)	('>100', 2.3595672636256153)	('>500', 1.084764189022197)	('>1k', 5.520999951252019)	('>5k', 5.511486699346353)	('>10k+', 48.49390224271921)
mehreen_1041_MERGE_1_val_1	(1.0, 15.47280423248261)	(2.0, 4.081535467621205)	(3.0, 1.5058993877282763)	(4.0, 0.7715613900495761)	(5.0, 0.5060807306519467)	(6.0, 0.355036842979106)	(7.0, 0.30556828696097094)	(8.0, 0.24233728994046888)	(9.0, 0.22346255560563863)	('>10', 3.128335608330023)	('>50', 1.3407047971863146)	('>100', 3.56107653878695)	('>500', 1.7951537107297255)	('>1k', 5.986600867965867)	('>5k', 4.739442550950132)	('>10k+', 55.984399742031144)
mehreen_1041_MERGE_2_val_2	(1.0, 17.559987378176817)	(2.0, 3.891907889157041)	(3.0, 1.1868334996346477)	(4.0, 0.6057037359047887)	(5.0, 0.4196507891121805)	(6.0, 0.31952191704545163)	(7.0, 0.25269783331401285)	(8.0, 0.22071602618256594)	(9.0, 0.20460344521523538)	('>10', 2.796336289555323)	('>50', 1.1368555558574833)	('>100', 2.7269580601844448)	('>500', 1.5012904014396615)	('>1k', 8.573452290203033)	('>5k', 8.325985938904957)	('>10k+', 50.277498950112395)
mehreen_1042_MERGE_1_val_1	(1.0, 18.732770922167266)	(2.0, 5.511316888666891)	(3.0, 1.9396515689016653)	(4.0, 0.9774156261625975)	(5.0, 0.5929366491276112)	(6.0, 0.4260610038759348)	(7.0, 0.3449253387903298)	(8.0, 0.28317546720727943)	(9.0, 0.2212092486164663)	('>10', 3.136142745767042)	('>50', 1.2429987238813351)	('>100', 3.068559777589327)	('>500', 1.4845949706304837)	('>1k', 4.558312239598048)	('>5k', 3.2589941852446285)	('>10k+', 54.22093464377304)
mehreen_1042_MERGE_2_val_2	(1.0, 21.022325461196292)	(2.0, 5.294510932949561)	(3.0, 1.5994876440612644)	(4.0, 0.7155388923833257)	(5.0, 0.43379629171632006)	(6.0, 0.3468020411940112)	(7.0, 0.2850485138503465)	(8.0, 0.2309840804968165)	(9.0, 0.20650496094632792)	('>10', 2.8313803746951733)	('>50', 1.0715592641831915)	('>100', 2.4700431637046867)	('>500', 1.2443353715502412)	('>1k', 5.20040409087442)	('>5k', 4.909363133222978)	('>10k+', 52.137915782975)
mehreen_1043_MERGE_1_val_1	(1.0, 15.873987263778282)	(2.0, 4.492451964896025)	(3.0, 1.6070140152041916)	(4.0, 0.798155980277182)	(5.0, 0.5016938891182839)	(6.0, 0.3635835333067161)	(7.0, 0.2716183922446251)	(8.0, 0.2563980065851589)	(9.0, 0.19373403410627515)	('>10', 2.766370983801326)	('>50', 1.2006544622575557)	('>100', 2.9971402583026183)	('>500', 1.342235055645028)	('>1k', 4.358483005814824)	('>5k', 2.9033585808343965)	('>10k+', 60.073120573827495)
mehreen_1043_MERGE_2_val_2	(1.0, 17.675463205044405)	(2.0, 4.295687561284112)	(3.0, 1.294600995480303)	(4.0, 0.6140552325703771)	(5.0, 0.42168096393586174)	(6.0, 0.326981902294088)	(7.0, 0.24432664367657703)	(8.0, 0.21575255811057104)	(9.0, 0.16981232869794374)	('>10', 2.7003059806749814)	('>50', 1.1318893663626117)	('>100', 2.434332779820686)	('>500', 1.052513678472602)	('>1k', 4.687633476494013)	('>5k', 4.21948989610084)	('>10k+', 58.5154734309799)
mehreen_1045_MERGE_1_val_1	(1.0, 18.427742580182016)	(2.0, 4.9227456336923225)	(3.0, 1.8403351946779005)	(4.0, 0.9608511236708729)	(5.0, 0.5884866733581571)	(6.0, 0.45202605086549347)	(7.0, 0.33271926749994846)	(8.0, 0.28289483919941155)	(9.0, 0.24800603343475502)	('>10', 3.325480138485982)	('>50', 1.3609894142972623)	('>100', 3.349310001915376)	('>500', 1.5594203364154557)	('>1k', 5.00363296950995)	('>5k', 3.7409308948719646)	('>10k+', 53.60442884792317)
mehreen_1045_MERGE_2_val_2	(1.0, 20.730684540264154)	(2.0, 4.783298396644992)	(3.0, 1.419820737777408)	(4.0, 0.7050006029558085)	(5.0, 0.44804578976686193)	(6.0, 0.32879957287309763)	(7.0, 0.27874166183005145)	(8.0, 0.23671483239266713)	(9.0, 0.21060181736172195)	('>10', 3.0727375014298968)	('>50', 1.24254558040232)	('>100', 2.498835386412578)	('>500', 1.2010485815495273)	('>1k', 6.634012477118062)	('>5k', 6.468161246270858)	('>10k+', 49.74095127495005)
mehreen_1046_MERGE_1_val_1	(1.0, 12.913483585261373)	(2.0, 3.930411527061194)	(3.0, 1.5224270820085408)	(4.0, 0.8015595514292108)	(5.0, 0.5154128999809987)	(6.0, 0.4172924054678081)	(7.0, 0.3152592895889017)	(8.0, 0.27277181711050397)	(9.0, 0.23009268169938046)	('>10', 3.2223478637408043)	('>50', 1.350590722598121)	('>100', 3.3594307861506274)	('>500', 1.6661843999405623)	('>1k', 5.289230342156354)	('>5k', 3.8564279322922093)	('>10k+', 60.33707711351344)
mehreen_1046_MERGE_2_val_2	(1.0, 14.868518957794635)	(2.0, 3.931609397291908)	(3.0, 1.3233888415714516)	(4.0, 0.7102186349750504)	(5.0, 0.4470036320454393)	(6.0, 0.34877060475996646)	(7.0, 0.2890893413442721)	(8.0, 0.24005254189640896)	(9.0, 0.22083954026359134)	('>10', 3.0278531349667346)	('>50', 1.2421517416443797)	('>100', 2.80763767429086)	('>500', 1.5384505711905863)	('>1k', 6.9881302973269985)	('>5k', 6.189946293217605)	('>10k+', 55.826338795420114)
mehreen_1049_MERGE_1_val_1	(1.0, 13.946792834867042)	(2.0, 4.037143163972176)	(3.0, 1.6197945396531723)	(4.0, 0.9015875052965487)	(5.0, 0.6114131192926624)	(6.0, 0.46367125466929965)	(7.0, 0.36878688837959905)	(8.0, 0.3143791425892254)	(9.0, 0.2556672906457847)	('>10', 3.5803845386979236)	('>50', 1.45120075083415)	('>100', 3.410334534104484)	('>500', 1.5909832862311166)	('>1k', 5.1875234032745094)	('>5k', 3.48565759476494)	('>10k+', 58.774680152727456)
mehreen_1049_MERGE_2_val_2	(1.0, 16.12201716125005)	(2.0, 4.032996581956031)	(3.0, 1.4019101395490685)	(4.0, 0.7179452336179505)	(5.0, 0.5098613822552397)	(6.0, 0.3762033285836748)	(7.0, 0.31251723781181323)	(8.0, 0.27019790073191646)	(9.0, 0.23419010171026594)	('>10', 3.2613888502832658)	('>50', 1.2264614710176818)	('>100', 2.548586288922856)	('>500', 1.266436660801622)	('>1k', 5.845414887755108)	('>5k', 5.67076861430503)	('>10k+', 56.203104159448394)
mehreen_1050_MERGE_1_val_1	(1.0, 16.097126350853248)	(2.0, 4.638709278895761)	(3.0, 1.7520931152797217)	(4.0, 0.8763632860500713)	(5.0, 0.6082793266393612)	(6.0, 0.4202566763862483)	(7.0, 0.33945879975448656)	(8.0, 0.28274370941592436)	(9.0, 0.25224338466054425)	('>10', 3.0992281857099275)	('>50', 1.1807954350318235)	('>100', 3.0816238230869675)	('>500', 1.5243677203386106)	('>1k', 4.7487023069177425)	('>5k', 3.433592981317566)	('>10k+', 57.664415619662066)
mehreen_1050_MERGE_2_val_2	(1.0, 18.23816685757925)	(2.0, 4.545626690151601)	(3.0, 1.4364831990074722)	(4.0, 0.7012408653952114)	(5.0, 0.4474627309118782)	(6.0, 0.33734618691588036)	(7.0, 0.2662034933442508)	(8.0, 0.23092134734965541)	(9.0, 0.19751008560043892)	('>10', 2.7431473487920166)	('>50', 1.034807144059836)	('>100', 2.414298163652226)	('>500', 1.2266822452627228)	('>1k', 5.44206267372025)	('>5k', 5.583244016591176)	('>10k+', 55.1547969516661)
mehreen_1051_MERGE_1_val_1	(1.0, 17.156940673039227)	(2.0, 5.000563438744676)	(3.0, 1.8261944832878383)	(4.0, 0.9417599511170741)	(5.0, 0.5792662795997282)	(6.0, 0.4414899047051711)	(7.0, 0.35003256064851435)	(8.0, 0.2758619317179177)	(9.0, 0.22864104540541585)	('>10', 3.287380624295947)	('>50', 1.3822671325382618)	('>100', 3.4833466122158736)	('>500', 1.6827428168970167)	('>1k', 5.415401091054097)	('>5k', 3.7031934785072473)	('>10k+', 54.24491797622601)
mehreen_1051_MERGE_2_val_2	(1.0, 19.677960296420416)	(2.0, 4.836384407578487)	(3.0, 1.4943221367563526)	(4.0, 0.7238366485381431)	(5.0, 0.46754919691928576)	(6.0, 0.33808886043796627)	(7.0, 0.3027244733730593)	(8.0, 0.25956532494784135)	(9.0, 0.21404555958316368)	('>10', 3.1912840755126073)	('>50', 1.197965702946131)	('>100', 2.711065052419875)	('>500', 1.3945409976931917)	('>1k', 6.856675456254136)	('>5k', 6.38786804502921)	('>10k+', 49.946123765590144)
mehreen_1052_MERGE_1_val_1	(1.0, 13.354288362451472)	(2.0, 3.8847552838020167)	(3.0, 1.5018055751676254)	(4.0, 0.8051854861271129)	(5.0, 0.5393239328885586)	(6.0, 0.3957619458241673)	(7.0, 0.3289276013633975)	(8.0, 0.24391234120917704)	(9.0, 0.2101492394940208)	('>10', 3.2144463822896494)	('>50', 1.3036559589319294)	('>100', 3.3728418433135134)	('>500', 1.7164269702226498)	('>1k', 5.859333202377683)	('>5k', 4.637914656972119)	('>10k+', 58.63127121756485)
mehreen_1052_MERGE_2_val_2	(1.0, 15.433277385523692)	(2.0, 3.8280583658549325)	(3.0, 1.2827886320682218)	(4.0, 0.640187460851095)	(5.0, 0.4246907703600993)	(6.0, 0.32006505210697483)	(7.0, 0.2693718764550325)	(8.0, 0.22743505539183853)	(9.0, 0.20602843091954084)	('>10', 2.9302707238827796)	('>50', 1.1621289462293107)	('>100', 2.4231658754402687)	('>500', 1.2955357159106424)	('>1k', 7.350269793477268)	('>5k', 7.764071249365532)	('>10k+', 54.442654666162795)
mehreen_1054_MERGE_1_val_1	(1.0, 13.464769054647268)	(2.0, 3.7878308227934996)	(3.0, 1.4397700116347893)	(4.0, 0.7523366460740777)	(5.0, 0.4869869613467556)	(6.0, 0.3612433342256355)	(7.0, 0.2937757378647665)	(8.0, 0.24318611992043995)	(9.0, 0.2001215839875765)	('>10', 2.958131444022979)	('>50', 1.238855984156941)	('>100', 3.157886086175722)	('>500', 1.5213394002160094)	('>1k', 4.748056128051859)	('>5k', 3.617707757654044)	('>10k+', 61.728002927227564)
mehreen_1054_MERGE_2_val_2	(1.0, 15.211752552498147)	(2.0, 3.645204556979719)	(3.0, 1.2365571410346559)	(4.0, 0.610706770493399)	(5.0, 0.40574588371154696)	(6.0, 0.335855474388728)	(7.0, 0.24438747072746056)	(8.0, 0.22355481972764774)	(9.0, 0.19970735060909212)	('>10', 2.8108189391287923)	('>50', 1.1575936340866357)	('>100', 2.425697017582087)	('>500', 1.1447301194079451)	('>1k', 5.533453945285891)	('>5k', 5.613163544324351)	('>10k+', 59.201070780013865)
mehreen_1055_MERGE_1_val_1	(1.0, 13.86069949499665)	(2.0, 3.686463476099528)	(3.0, 1.4246301605032832)	(4.0, 0.7651884047756118)	(5.0, 0.5251092550815436)	(6.0, 0.3849097277230776)	(7.0, 0.31417713499625083)	(8.0, 0.2552941681156268)	(9.0, 0.24365116120460503)	('>10', 3.174016973434204)	('>50', 1.3178900864488228)	('>100', 3.331976007825027)	('>500', 1.6391996581605748)	('>1k', 5.17120476164581)	('>5k', 3.929340485719873)	('>10k+', 59.97624904326951)
mehreen_1055_MERGE_2_val_2	(1.0, 15.66039596880819)	(2.0, 3.561128548355684)	(3.0, 1.2398541348232148)	(4.0, 0.6442376009282329)	(5.0, 0.4311493960298841)	(6.0, 0.32791780226671524)	(7.0, 0.2875752110864338)	(8.0, 0.23287423848856129)	(9.0, 0.20156017062348455)	('>10', 2.9280271189724703)	('>50', 1.2078580945667476)	('>100', 2.5050691551778472)	('>500', 1.3317409681357772)	('>1k', 6.631398510237807)	('>5k', 6.735139220929902)	('>10k+', 56.07407386056901)
mehreen_1057_MERGE_1_val_1	(1.0, 20.328665995343755)	(2.0, 6.322714021578116)	(3.0, 2.485506663511936)	(4.0, 1.2646593997638347)	(5.0, 0.7486349240343667)	(6.0, 0.5639456271827807)	(7.0, 0.4425909332757693)	(8.0, 0.36281652617012605)	(9.0, 0.33871477201989186)	('>10', 4.20753500887519)	('>50', 1.6944161673038491)	('>100', 3.9016383637580776)	('>500', 1.746135621854672)	('>1k', 5.481110524320553)	('>5k', 3.446563157402105)	('>10k+', 46.66435229360497)
mehreen_1057_MERGE_2_val_2	(1.0, 23.084378214899253)	(2.0, 6.169277507771915)	(3.0, 2.125007360847199)	(4.0, 0.9839211851444745)	(5.0, 0.6086600152766993)	(6.0, 0.4951363614911464)	(7.0, 0.3728504278435628)	(8.0, 0.3133597405996414)	(9.0, 0.2740351293051353)	('>10', 3.8883871191017314)	('>50', 1.4453019037432766)	('>100', 3.147068026432308)	('>500', 1.6037714439068878)	('>1k', 6.835831827574243)	('>5k', 5.5303418632708805)	('>10k+', 43.1226718727917)
mehreen_1058_MERGE_1_val_1	(1.0, 8.954495238721135)	(2.0, 2.6044787577991286)	(3.0, 0.9945636251947554)	(4.0, 0.5559788950130605)	(5.0, 0.41200856114072765)	(6.0, 0.3240722237688497)	(7.0, 0.2653371817397294)	(8.0, 0.23415702828477064)	(9.0, 0.19572556963666946)	('>10', 3.082925850470199)	('>50', 1.387131528612372)	('>100', 3.6099332060017932)	('>500', 2.022859143095188)	('>1k', 7.835862952256288)	('>5k', 5.877216208254827)	('>10k+', 61.64325403001046)
mehreen_1058_MERGE_2_val_2	(1.0, 10.20923756474043)	(2.0, 2.6457895657340904)	(3.0, 0.9405348317337294)	(4.0, 0.5445899112698991)	(5.0, 0.37975084851029806)	(6.0, 0.3065072926316467)	(7.0, 0.2568635813623449)	(8.0, 0.21162224823101447)	(9.0, 0.18603103067809076)	('>10', 2.816763252280017)	('>50', 1.0940726002354886)	('>100', 2.8835200151487417)	('>500', 2.0048346769120107)	('>1k', 11.381414276061754)	('>5k', 9.83999632896821)	('>10k+', 54.298471975502274)
