Sample	0	1	2	3	4	5	6	7	8	9	10	11	12	13	14	15	16	17	18	19	20	21	22	23	24	25	26	27	28	29	30	31	32
mehreen_1002_MERGE_1_val_1	(13.0, 11.0)	(14.0, 130.0)	(15.0, 584.0)	(16.0, 1580.0)	(17.0, 3313.0)	(18.0, 5747.0)	(19.0, 9129.0)	(20.0, 12588.0)	(21.0, 17740.0)	(22.0, 24224.0)	(23.0, 34144.0)	(24.0, 45365.0)	(25.0, 60797.0)	(26.0, 75123.0)	(27.0, 91836.0)	(28.0, 107163.0)	(29.0, 125744.0)	(30.0, 145915.0)	(31.0, 173024.0)	(32.0, 207254.0)	(33.0, 259295.0)	(34.0, 343489.0)	(35.0, 491193.0)	(36.0, 818477.0)	(37.0, 1473704.0)	(38.0, 3796580.0)	(39.0, 37476768.0)	(40.0, 17536872.0)					
mehreen_1002_MERGE_2_val_2	(9.0, 1.0)	(10.0, 14.0)	(11.0, 120.0)	(12.0, 672.0)	(13.0, 2978.0)	(14.0, 8966.0)	(15.0, 18424.0)	(16.0, 25758.0)	(17.0, 28234.0)	(18.0, 28942.0)	(19.0, 31687.0)	(20.0, 35838.0)	(21.0, 42499.0)	(22.0, 49469.0)	(23.0, 59381.0)	(24.0, 68462.0)	(25.0, 80615.0)	(26.0, 90264.0)	(27.0, 101569.0)	(28.0, 113489.0)	(29.0, 129543.0)	(30.0, 149343.0)	(31.0, 175010.0)	(32.0, 211511.0)	(33.0, 264664.0)	(34.0, 354798.0)	(35.0, 499679.0)	(36.0, 812359.0)	(37.0, 1457453.0)	(38.0, 3597114.0)	(39.0, 35701711.0)	(40.0, 19197222.0)	
mehreen_1003_MERGE_1_val_1	(12.0, 1.0)	(13.0, 11.0)	(14.0, 149.0)	(15.0, 603.0)	(16.0, 1613.0)	(17.0, 3328.0)	(18.0, 5875.0)	(19.0, 8712.0)	(20.0, 12295.0)	(21.0, 16851.0)	(22.0, 22492.0)	(23.0, 30893.0)	(24.0, 41058.0)	(25.0, 54307.0)	(26.0, 66695.0)	(27.0, 81455.0)	(28.0, 94938.0)	(29.0, 109597.0)	(30.0, 127248.0)	(31.0, 149612.0)	(32.0, 180390.0)	(33.0, 223649.0)	(34.0, 298134.0)	(35.0, 427205.0)	(36.0, 717141.0)	(37.0, 1309237.0)	(38.0, 3420590.0)	(39.0, 33299595.0)	(40.0, 14969996.0)				
mehreen_1003_MERGE_2_val_2	(9.0, 1.0)	(10.0, 12.0)	(11.0, 122.0)	(12.0, 612.0)	(13.0, 2660.0)	(14.0, 9049.0)	(15.0, 19249.0)	(16.0, 27191.0)	(17.0, 29202.0)	(18.0, 29799.0)	(19.0, 31867.0)	(20.0, 35868.0)	(21.0, 41756.0)	(22.0, 48016.0)	(23.0, 57263.0)	(24.0, 65785.0)	(25.0, 77548.0)	(26.0, 86837.0)	(27.0, 97101.0)	(28.0, 107349.0)	(29.0, 121448.0)	(30.0, 138140.0)	(31.0, 160528.0)	(32.0, 192991.0)	(33.0, 240826.0)	(34.0, 324167.0)	(35.0, 468024.0)	(36.0, 771970.0)	(37.0, 1400108.0)	(38.0, 3527544.0)	(39.0, 32056078.0)	(40.0, 15504559.0)	
mehreen_1004_MERGE_1_val_1	(13.0, 9.0)	(14.0, 94.0)	(15.0, 459.0)	(16.0, 1439.0)	(17.0, 3252.0)	(18.0, 5981.0)	(19.0, 9608.0)	(20.0, 13295.0)	(21.0, 18647.0)	(22.0, 25204.0)	(23.0, 34966.0)	(24.0, 46347.0)	(25.0, 61976.0)	(26.0, 77329.0)	(27.0, 94741.0)	(28.0, 111760.0)	(29.0, 130437.0)	(30.0, 153298.0)	(31.0, 182606.0)	(32.0, 220990.0)	(33.0, 276242.0)	(34.0, 375752.0)	(35.0, 543597.0)	(36.0, 926146.0)	(37.0, 1756741.0)	(38.0, 4819209.0)	(39.0, 43011850.0)	(40.0, 15873712.0)					
mehreen_1004_MERGE_2_val_2	(9.0, 4.0)	(10.0, 22.0)	(11.0, 164.0)	(12.0, 902.0)	(13.0, 3474.0)	(14.0, 9403.0)	(15.0, 18411.0)	(16.0, 25701.0)	(17.0, 27957.0)	(18.0, 29123.0)	(19.0, 32110.0)	(20.0, 36545.0)	(21.0, 42783.0)	(22.0, 49863.0)	(23.0, 60407.0)	(24.0, 69950.0)	(25.0, 82821.0)	(26.0, 93678.0)	(27.0, 106810.0)	(28.0, 120539.0)	(29.0, 138566.0)	(30.0, 160348.0)	(31.0, 191124.0)	(32.0, 238392.0)	(33.0, 305761.0)	(34.0, 427846.0)	(35.0, 628804.0)	(36.0, 1024646.0)	(37.0, 1826157.0)	(38.0, 4507600.0)	(39.0, 39805095.0)	(40.0, 18710681.0)	
mehreen_1005_MERGE_1_val_1	(10.0, 1.0)	(11.0, 0.0)	(12.0, 2.0)	(13.0, 16.0)	(14.0, 169.0)	(15.0, 707.0)	(16.0, 2051.0)	(17.0, 4358.0)	(18.0, 7664.0)	(19.0, 11915.0)	(20.0, 16450.0)	(21.0, 22570.0)	(22.0, 30230.0)	(23.0, 42138.0)	(24.0, 54936.0)	(25.0, 72757.0)	(26.0, 89201.0)	(27.0, 107626.0)	(28.0, 123482.0)	(29.0, 143237.0)	(30.0, 165127.0)	(31.0, 193290.0)	(32.0, 229466.0)	(33.0, 284139.0)	(34.0, 376365.0)	(35.0, 530211.0)	(36.0, 877034.0)	(37.0, 1567772.0)	(38.0, 3955735.0)	(39.0, 40386305.0)	(40.0, 19225266.0)		
mehreen_1005_MERGE_2_val_2	(9.0, 1.0)	(10.0, 20.0)	(11.0, 127.0)	(12.0, 784.0)	(13.0, 3503.0)	(14.0, 11424.0)	(15.0, 23432.0)	(16.0, 33430.0)	(17.0, 36638.0)	(18.0, 37662.0)	(19.0, 40754.0)	(20.0, 46153.0)	(21.0, 53675.0)	(22.0, 62752.0)	(23.0, 75021.0)	(24.0, 86815.0)	(25.0, 101077.0)	(26.0, 112224.0)	(27.0, 126785.0)	(28.0, 139963.0)	(29.0, 158712.0)	(30.0, 180217.0)	(31.0, 210045.0)	(32.0, 252239.0)	(33.0, 315029.0)	(34.0, 427160.0)	(35.0, 618112.0)	(36.0, 1028994.0)	(37.0, 1864941.0)	(38.0, 4522483.0)	(39.0, 38955937.0)	(40.0, 18994111.0)	
mehreen_1006_MERGE_1_val_1	(12.0, 2.0)	(13.0, 13.0)	(14.0, 165.0)	(15.0, 788.0)	(16.0, 2240.0)	(17.0, 4786.0)	(18.0, 8283.0)	(19.0, 12590.0)	(20.0, 17916.0)	(21.0, 24786.0)	(22.0, 33731.0)	(23.0, 47525.0)	(24.0, 63248.0)	(25.0, 83633.0)	(26.0, 103918.0)	(27.0, 126827.0)	(28.0, 147903.0)	(29.0, 171688.0)	(30.0, 200020.0)	(31.0, 235818.0)	(32.0, 282394.0)	(33.0, 348095.0)	(34.0, 461891.0)	(35.0, 657140.0)	(36.0, 1071029.0)	(37.0, 1877126.0)	(38.0, 4644257.0)	(39.0, 44052436.0)	(40.0, 22608125.0)				
mehreen_1006_MERGE_2_val_2	(9.0, 3.0)	(10.0, 26.0)	(11.0, 95.0)	(12.0, 574.0)	(13.0, 2552.0)	(14.0, 9108.0)	(15.0, 20355.0)	(16.0, 30848.0)	(17.0, 33886.0)	(18.0, 35512.0)	(19.0, 39572.0)	(20.0, 45461.0)	(21.0, 54359.0)	(22.0, 64775.0)	(23.0, 79393.0)	(24.0, 94172.0)	(25.0, 111729.0)	(26.0, 125390.0)	(27.0, 141954.0)	(28.0, 159168.0)	(29.0, 182032.0)	(30.0, 208372.0)	(31.0, 244898.0)	(32.0, 296402.0)	(33.0, 375451.0)	(34.0, 521001.0)	(35.0, 774501.0)	(36.0, 1270198.0)	(37.0, 2170888.0)	(38.0, 4774591.0)	(39.0, 40438577.0)	(40.0, 24982530.0)	
mehreen_1007_MERGE_1_val_1	(11.0, 1.0)	(12.0, 1.0)	(13.0, 14.0)	(14.0, 104.0)	(15.0, 551.0)	(16.0, 1673.0)	(17.0, 3756.0)	(18.0, 6610.0)	(19.0, 10214.0)	(20.0, 14258.0)	(21.0, 19716.0)	(22.0, 25827.0)	(23.0, 35219.0)	(24.0, 45964.0)	(25.0, 60217.0)	(26.0, 73689.0)	(27.0, 89303.0)	(28.0, 103233.0)	(29.0, 118585.0)	(30.0, 138112.0)	(31.0, 162228.0)	(32.0, 193012.0)	(33.0, 239488.0)	(34.0, 319467.0)	(35.0, 448216.0)	(36.0, 736947.0)	(37.0, 1332322.0)	(38.0, 3395422.0)	(39.0, 33590846.0)	(40.0, 15411105.0)			
mehreen_1007_MERGE_2_val_2	(9.0, 2.0)	(10.0, 19.0)	(11.0, 200.0)	(12.0, 1150.0)	(13.0, 4098.0)	(14.0, 10540.0)	(15.0, 19817.0)	(16.0, 27481.0)	(17.0, 29826.0)	(18.0, 30501.0)	(19.0, 32212.0)	(20.0, 35729.0)	(21.0, 40556.0)	(22.0, 46198.0)	(23.0, 54486.0)	(24.0, 61740.0)	(25.0, 72654.0)	(26.0, 80565.0)	(27.0, 91217.0)	(28.0, 102684.0)	(29.0, 116552.0)	(30.0, 133677.0)	(31.0, 156609.0)	(32.0, 190376.0)	(33.0, 238788.0)	(34.0, 320809.0)	(35.0, 461080.0)	(36.0, 769720.0)	(37.0, 1425202.0)	(38.0, 3602530.0)	(39.0, 31494012.0)	(40.0, 16925070.0)	
mehreen_1009_MERGE_1_val_1	(12.0, 1.0)	(13.0, 17.0)	(14.0, 167.0)	(15.0, 744.0)	(16.0, 2140.0)	(17.0, 4751.0)	(18.0, 8495.0)	(19.0, 13265.0)	(20.0, 18456.0)	(21.0, 25499.0)	(22.0, 33835.0)	(23.0, 46328.0)	(24.0, 60855.0)	(25.0, 79583.0)	(26.0, 98164.0)	(27.0, 118364.0)	(28.0, 137601.0)	(29.0, 159948.0)	(30.0, 184218.0)	(31.0, 218620.0)	(32.0, 261523.0)	(33.0, 324939.0)	(34.0, 431264.0)	(35.0, 611238.0)	(36.0, 1016800.0)	(37.0, 1831157.0)	(38.0, 4617300.0)	(39.0, 45992209.0)	(40.0, 22170719.0)				
mehreen_1009_MERGE_2_val_2	(9.0, 4.0)	(10.0, 20.0)	(11.0, 161.0)	(12.0, 915.0)	(13.0, 4109.0)	(14.0, 12438.0)	(15.0, 25912.0)	(16.0, 37444.0)	(17.0, 40726.0)	(18.0, 41803.0)	(19.0, 44799.0)	(20.0, 49706.0)	(21.0, 57719.0)	(22.0, 66547.0)	(23.0, 78396.0)	(24.0, 89969.0)	(25.0, 106496.0)	(26.0, 118219.0)	(27.0, 133599.0)	(28.0, 149081.0)	(29.0, 168622.0)	(30.0, 194428.0)	(31.0, 225021.0)	(32.0, 270799.0)	(33.0, 338734.0)	(34.0, 457268.0)	(35.0, 658792.0)	(36.0, 1095776.0)	(37.0, 2015443.0)	(38.0, 5057487.0)	(39.0, 44218173.0)	(40.0, 22709594.0)	
mehreen_1011_MERGE_1_val_1	(13.0, 5.0)	(14.0, 126.0)	(15.0, 512.0)	(16.0, 1530.0)	(17.0, 3513.0)	(18.0, 6332.0)	(19.0, 9590.0)	(20.0, 13734.0)	(21.0, 18749.0)	(22.0, 25294.0)	(23.0, 35219.0)	(24.0, 46723.0)	(25.0, 62566.0)	(26.0, 78727.0)	(27.0, 96500.0)	(28.0, 112719.0)	(29.0, 132436.0)	(30.0, 155358.0)	(31.0, 182930.0)	(32.0, 221233.0)	(33.0, 274626.0)	(34.0, 368387.0)	(35.0, 527199.0)	(36.0, 876745.0)	(37.0, 1595412.0)	(38.0, 4129362.0)	(39.0, 40088697.0)	(40.0, 18313785.0)					
mehreen_1011_MERGE_2_val_2	(9.0, 3.0)	(10.0, 27.0)	(11.0, 143.0)	(12.0, 834.0)	(13.0, 3431.0)	(14.0, 10379.0)	(15.0, 22481.0)	(16.0, 31860.0)	(17.0, 35357.0)	(18.0, 37046.0)	(19.0, 41033.0)	(20.0, 46590.0)	(21.0, 55070.0)	(22.0, 64303.0)	(23.0, 78170.0)	(24.0, 90704.0)	(25.0, 106425.0)	(26.0, 118830.0)	(27.0, 135095.0)	(28.0, 150343.0)	(29.0, 172050.0)	(30.0, 197249.0)	(31.0, 233148.0)	(32.0, 285153.0)	(33.0, 360268.0)	(34.0, 497544.0)	(35.0, 732041.0)	(36.0, 1175761.0)	(37.0, 1992364.0)	(38.0, 4425756.0)	(39.0, 37713164.0)	(40.0, 18565387.0)	
mehreen_1014_MERGE_1_val_1	(12.0, 3.0)	(13.0, 25.0)	(14.0, 194.0)	(15.0, 862.0)	(16.0, 2597.0)	(17.0, 5800.0)	(18.0, 10227.0)	(19.0, 16084.0)	(20.0, 22972.0)	(21.0, 31699.0)	(22.0, 42856.0)	(23.0, 60419.0)	(24.0, 80462.0)	(25.0, 106216.0)	(26.0, 133156.0)	(27.0, 163963.0)	(28.0, 192804.0)	(29.0, 226599.0)	(30.0, 266345.0)	(31.0, 317716.0)	(32.0, 384285.0)	(33.0, 479634.0)	(34.0, 648175.0)	(35.0, 930776.0)	(36.0, 1558553.0)	(37.0, 2826898.0)	(38.0, 7114414.0)	(39.0, 64331126.0)	(40.0, 30194437.0)				
mehreen_1014_MERGE_2_val_2	(9.0, 6.0)	(10.0, 16.0)	(11.0, 104.0)	(12.0, 715.0)	(13.0, 3795.0)	(14.0, 12767.0)	(15.0, 28451.0)	(16.0, 42289.0)	(17.0, 47917.0)	(18.0, 51711.0)	(19.0, 57731.0)	(20.0, 66446.0)	(21.0, 79273.0)	(22.0, 93675.0)	(23.0, 115050.0)	(24.0, 134951.0)	(25.0, 160788.0)	(26.0, 183367.0)	(27.0, 209649.0)	(28.0, 238876.0)	(29.0, 277379.0)	(30.0, 327533.0)	(31.0, 401029.0)	(32.0, 509383.0)	(33.0, 662072.0)	(34.0, 863571.0)	(35.0, 1098651.0)	(36.0, 1597092.0)	(37.0, 2614011.0)	(38.0, 5996690.0)	(39.0, 60375095.0)	(40.0, 33899214.0)	
mehreen_1015_MERGE_1_val_1	(12.0, 2.0)	(13.0, 11.0)	(14.0, 115.0)	(15.0, 597.0)	(16.0, 1753.0)	(17.0, 4071.0)	(18.0, 7286.0)	(19.0, 11446.0)	(20.0, 15984.0)	(21.0, 22581.0)	(22.0, 30377.0)	(23.0, 41387.0)	(24.0, 55314.0)	(25.0, 72708.0)	(26.0, 90406.0)	(27.0, 110541.0)	(28.0, 128518.0)	(29.0, 150288.0)	(30.0, 174411.0)	(31.0, 205919.0)	(32.0, 247064.0)	(33.0, 305657.0)	(34.0, 405893.0)	(35.0, 575858.0)	(36.0, 950779.0)	(37.0, 1708387.0)	(38.0, 4272097.0)	(39.0, 42769317.0)	(40.0, 21962641.0)				
mehreen_1015_MERGE_2_val_2	(8.0, 1.0)	(9.0, 1.0)	(10.0, 26.0)	(11.0, 157.0)	(12.0, 833.0)	(13.0, 3521.0)	(14.0, 11267.0)	(15.0, 24135.0)	(16.0, 35298.0)	(17.0, 39256.0)	(18.0, 41347.0)	(19.0, 45487.0)	(20.0, 52059.0)	(21.0, 61410.0)	(22.0, 71608.0)	(23.0, 86764.0)	(24.0, 101985.0)	(25.0, 119480.0)	(26.0, 134282.0)	(27.0, 152305.0)	(28.0, 171081.0)	(29.0, 196320.0)	(30.0, 227937.0)	(31.0, 272911.0)	(32.0, 340128.0)	(33.0, 435728.0)	(34.0, 579164.0)	(35.0, 777588.0)	(36.0, 1174990.0)	(37.0, 1942516.0)	(38.0, 4380544.0)	(39.0, 41209506.0)	(40.0, 21631773.0)
mehreen_1016_MERGE_1_val_1	(12.0, 1.0)	(13.0, 19.0)	(14.0, 206.0)	(15.0, 845.0)	(16.0, 2468.0)	(17.0, 5560.0)	(18.0, 9849.0)	(19.0, 15291.0)	(20.0, 21349.0)	(21.0, 29144.0)	(22.0, 39779.0)	(23.0, 54908.0)	(24.0, 73192.0)	(25.0, 96073.0)	(26.0, 119661.0)	(27.0, 144892.0)	(28.0, 170203.0)	(29.0, 200302.0)	(30.0, 234390.0)	(31.0, 278849.0)	(32.0, 336160.0)	(33.0, 422294.0)	(34.0, 566636.0)	(35.0, 818462.0)	(36.0, 1384311.0)	(37.0, 2544218.0)	(38.0, 6556768.0)	(39.0, 58923434.0)	(40.0, 27243249.0)				
mehreen_1016_MERGE_2_val_2	(9.0, 3.0)	(10.0, 10.0)	(11.0, 147.0)	(12.0, 1005.0)	(13.0, 4967.0)	(14.0, 17587.0)	(15.0, 36452.0)	(16.0, 51166.0)	(17.0, 54831.0)	(18.0, 55666.0)	(19.0, 59251.0)	(20.0, 65339.0)	(21.0, 75595.0)	(22.0, 87026.0)	(23.0, 102342.0)	(24.0, 115446.0)	(25.0, 134063.0)	(26.0, 149042.0)	(27.0, 166885.0)	(28.0, 186066.0)	(29.0, 211857.0)	(30.0, 243173.0)	(31.0, 281985.0)	(32.0, 338143.0)	(33.0, 418315.0)	(34.0, 540899.0)	(35.0, 732897.0)	(36.0, 1167439.0)	(37.0, 2090247.0)	(38.0, 5320273.0)	(39.0, 56533394.0)	(40.0, 31051002.0)	
mehreen_1018_MERGE_1_val_1	(12.0, 2.0)	(13.0, 24.0)	(14.0, 235.0)	(15.0, 1065.0)	(16.0, 3062.0)	(17.0, 6759.0)	(18.0, 12381.0)	(19.0, 18829.0)	(20.0, 26100.0)	(21.0, 34826.0)	(22.0, 45581.0)	(23.0, 61684.0)	(24.0, 81356.0)	(25.0, 104106.0)	(26.0, 128577.0)	(27.0, 154176.0)	(28.0, 179116.0)	(29.0, 208782.0)	(30.0, 241873.0)	(31.0, 285514.0)	(32.0, 340386.0)	(33.0, 422681.0)	(34.0, 564085.0)	(35.0, 795878.0)	(36.0, 1302054.0)	(37.0, 2327323.0)	(38.0, 5785912.0)	(39.0, 55563036.0)	(40.0, 26959373.0)				
mehreen_1018_MERGE_2_val_2	(9.0, 3.0)	(10.0, 36.0)	(11.0, 228.0)	(12.0, 1438.0)	(13.0, 5416.0)	(14.0, 16606.0)	(15.0, 35857.0)	(16.0, 52025.0)	(17.0, 58217.0)	(18.0, 59990.0)	(19.0, 62780.0)	(20.0, 68268.0)	(21.0, 78176.0)	(22.0, 88163.0)	(23.0, 104356.0)	(24.0, 120518.0)	(25.0, 139272.0)	(26.0, 156755.0)	(27.0, 178307.0)	(28.0, 199733.0)	(29.0, 228956.0)	(30.0, 263348.0)	(31.0, 306875.0)	(32.0, 372591.0)	(33.0, 467748.0)	(34.0, 641444.0)	(35.0, 927170.0)	(36.0, 1507089.0)	(37.0, 2644818.0)	(38.0, 6076796.0)	(39.0, 51798118.0)	(40.0, 28993679.0)	
mehreen_1020_MERGE_1_val_1	(12.0, 3.0)	(13.0, 24.0)	(14.0, 181.0)	(15.0, 913.0)	(16.0, 2571.0)	(17.0, 5904.0)	(18.0, 10873.0)	(19.0, 16126.0)	(20.0, 22326.0)	(21.0, 29973.0)	(22.0, 39466.0)	(23.0, 54283.0)	(24.0, 71938.0)	(25.0, 92607.0)	(26.0, 115003.0)	(27.0, 139691.0)	(28.0, 163556.0)	(29.0, 189465.0)	(30.0, 222162.0)	(31.0, 264336.0)	(32.0, 316882.0)	(33.0, 395378.0)	(34.0, 528874.0)	(35.0, 754231.0)	(36.0, 1240492.0)	(37.0, 2228834.0)	(38.0, 5578440.0)	(39.0, 51964543.0)	(40.0, 25034356.0)				
mehreen_1020_MERGE_2_val_2	(9.0, 2.0)	(10.0, 24.0)	(11.0, 142.0)	(12.0, 813.0)	(13.0, 3805.0)	(14.0, 13641.0)	(15.0, 31468.0)	(16.0, 47815.0)	(17.0, 55127.0)	(18.0, 55915.0)	(19.0, 57687.0)	(20.0, 62712.0)	(21.0, 70409.0)	(22.0, 80992.0)	(23.0, 96285.0)	(24.0, 112270.0)	(25.0, 131308.0)	(26.0, 149270.0)	(27.0, 171886.0)	(28.0, 196257.0)	(29.0, 227373.0)	(30.0, 268128.0)	(31.0, 322301.0)	(32.0, 403110.0)	(33.0, 523333.0)	(34.0, 700283.0)	(35.0, 968008.0)	(36.0, 1452946.0)	(37.0, 2378172.0)	(38.0, 5191694.0)	(39.0, 46828480.0)	(40.0, 28881775.0)	
mehreen_1021_MERGE_1_val_1	(12.0, 2.0)	(13.0, 21.0)	(14.0, 190.0)	(15.0, 870.0)	(16.0, 2712.0)	(17.0, 5731.0)	(18.0, 10187.0)	(19.0, 15320.0)	(20.0, 21429.0)	(21.0, 29206.0)	(22.0, 39132.0)	(23.0, 53144.0)	(24.0, 70100.0)	(25.0, 92013.0)	(26.0, 112820.0)	(27.0, 135967.0)	(28.0, 157945.0)	(29.0, 183911.0)	(30.0, 212484.0)	(31.0, 251167.0)	(32.0, 298725.0)	(33.0, 370341.0)	(34.0, 493550.0)	(35.0, 698037.0)	(36.0, 1153398.0)	(37.0, 2075593.0)	(38.0, 5252408.0)	(39.0, 50857694.0)	(40.0, 24565801.0)				
mehreen_1021_MERGE_2_val_2	(9.0, 1.0)	(10.0, 12.0)	(11.0, 200.0)	(12.0, 1151.0)	(13.0, 4741.0)	(14.0, 14423.0)	(15.0, 30017.0)	(16.0, 42957.0)	(17.0, 48060.0)	(18.0, 49807.0)	(19.0, 53855.0)	(20.0, 60397.0)	(21.0, 70289.0)	(22.0, 82025.0)	(23.0, 98082.0)	(24.0, 113610.0)	(25.0, 133103.0)	(26.0, 148800.0)	(27.0, 168105.0)	(28.0, 187855.0)	(29.0, 214876.0)	(30.0, 248126.0)	(31.0, 291792.0)	(32.0, 354608.0)	(33.0, 446570.0)	(34.0, 612062.0)	(35.0, 893902.0)	(36.0, 1450234.0)	(37.0, 2502586.0)	(38.0, 5594973.0)	(39.0, 46897831.0)	(40.0, 26344848.0)	
mehreen_1023_MERGE_1_val_1	(12.0, 1.0)	(13.0, 22.0)	(14.0, 184.0)	(15.0, 865.0)	(16.0, 2369.0)	(17.0, 5182.0)	(18.0, 9012.0)	(19.0, 14203.0)	(20.0, 19130.0)	(21.0, 26385.0)	(22.0, 34838.0)	(23.0, 47596.0)	(24.0, 62476.0)	(25.0, 81492.0)	(26.0, 100700.0)	(27.0, 121893.0)	(28.0, 143156.0)	(29.0, 166202.0)	(30.0, 194185.0)	(31.0, 231495.0)	(32.0, 277005.0)	(33.0, 347038.0)	(34.0, 466890.0)	(35.0, 668603.0)	(36.0, 1125074.0)	(37.0, 2059378.0)	(38.0, 5333573.0)	(39.0, 48062144.0)	(40.0, 21893387.0)				
mehreen_1023_MERGE_2_val_2	(9.0, 1.0)	(10.0, 23.0)	(11.0, 158.0)	(12.0, 998.0)	(13.0, 5005.0)	(14.0, 17735.0)	(15.0, 39970.0)	(16.0, 56644.0)	(17.0, 61503.0)	(18.0, 61868.0)	(19.0, 64606.0)	(20.0, 69710.0)	(21.0, 78913.0)	(22.0, 89003.0)	(23.0, 104755.0)	(24.0, 117371.0)	(25.0, 135132.0)	(26.0, 149077.0)	(27.0, 167061.0)	(28.0, 183735.0)	(29.0, 207660.0)	(30.0, 236236.0)	(31.0, 274454.0)	(32.0, 328343.0)	(33.0, 405179.0)	(34.0, 526801.0)	(35.0, 707410.0)	(36.0, 1106203.0)	(37.0, 1925779.0)	(38.0, 4788327.0)	(39.0, 47188081.0)	(40.0, 22396737.0)	
mehreen_1024_MERGE_1_val_1	(12.0, 1.0)	(13.0, 16.0)	(14.0, 153.0)	(15.0, 688.0)	(16.0, 2192.0)	(17.0, 4837.0)	(18.0, 8525.0)	(19.0, 13123.0)	(20.0, 18102.0)	(21.0, 24874.0)	(22.0, 33964.0)	(23.0, 47559.0)	(24.0, 62526.0)	(25.0, 82311.0)	(26.0, 102787.0)	(27.0, 124827.0)	(28.0, 147392.0)	(29.0, 170818.0)	(30.0, 199506.0)	(31.0, 237992.0)	(32.0, 285146.0)	(33.0, 354233.0)	(34.0, 474125.0)	(35.0, 679261.0)	(36.0, 1123974.0)	(37.0, 2035902.0)	(38.0, 5260870.0)	(39.0, 49645390.0)	(40.0, 22011818.0)				
mehreen_1024_MERGE_2_val_2	(9.0, 3.0)	(10.0, 25.0)	(11.0, 173.0)	(12.0, 964.0)	(13.0, 4135.0)	(14.0, 13897.0)	(15.0, 29779.0)	(16.0, 42153.0)	(17.0, 46538.0)	(18.0, 48032.0)	(19.0, 51505.0)	(20.0, 57702.0)	(21.0, 66487.0)	(22.0, 76969.0)	(23.0, 92264.0)	(24.0, 106441.0)	(25.0, 124460.0)	(26.0, 138580.0)	(27.0, 157635.0)	(28.0, 176018.0)	(29.0, 201312.0)	(30.0, 234021.0)	(31.0, 278118.0)	(32.0, 345074.0)	(33.0, 440854.0)	(34.0, 580542.0)	(35.0, 768074.0)	(36.0, 1151914.0)	(37.0, 1941865.0)	(38.0, 4599695.0)	(39.0, 46258621.0)	(40.0, 25119062.0)	
mehreen_1025_MERGE_1_val_1	(13.0, 11.0)	(14.0, 137.0)	(15.0, 713.0)	(16.0, 2177.0)	(17.0, 4806.0)	(18.0, 8675.0)	(19.0, 13582.0)	(20.0, 19065.0)	(21.0, 26218.0)	(22.0, 35204.0)	(23.0, 47895.0)	(24.0, 62827.0)	(25.0, 82217.0)	(26.0, 101532.0)	(27.0, 123042.0)	(28.0, 144378.0)	(29.0, 167322.0)	(30.0, 194636.0)	(31.0, 230001.0)	(32.0, 274870.0)	(33.0, 343299.0)	(34.0, 456918.0)	(35.0, 647686.0)	(36.0, 1074105.0)	(37.0, 1934396.0)	(38.0, 4869317.0)	(39.0, 47049815.0)	(40.0, 24217169.0)					
mehreen_1025_MERGE_2_val_2	(9.0, 2.0)	(10.0, 20.0)	(11.0, 182.0)	(12.0, 1135.0)	(13.0, 4472.0)	(14.0, 13943.0)	(15.0, 29832.0)	(16.0, 43775.0)	(17.0, 48462.0)	(18.0, 50305.0)	(19.0, 54301.0)	(20.0, 59752.0)	(21.0, 68821.0)	(22.0, 78261.0)	(23.0, 93257.0)	(24.0, 107332.0)	(25.0, 125240.0)	(26.0, 139822.0)	(27.0, 158806.0)	(28.0, 176055.0)	(29.0, 200097.0)	(30.0, 229414.0)	(31.0, 266630.0)	(32.0, 320918.0)	(33.0, 401607.0)	(34.0, 542668.0)	(35.0, 770268.0)	(36.0, 1239549.0)	(37.0, 2196863.0)	(38.0, 5240065.0)	(39.0, 45939805.0)	(40.0, 23530354.0)	
mehreen_1027_MERGE_1_val_1	(11.0, 1.0)	(12.0, 1.0)	(13.0, 15.0)	(14.0, 176.0)	(15.0, 892.0)	(16.0, 2682.0)	(17.0, 6147.0)	(18.0, 11424.0)	(19.0, 17889.0)	(20.0, 25110.0)	(21.0, 35012.0)	(22.0, 47435.0)	(23.0, 66449.0)	(24.0, 88324.0)	(25.0, 116962.0)	(26.0, 145035.0)	(27.0, 176496.0)	(28.0, 207500.0)	(29.0, 243029.0)	(30.0, 283280.0)	(31.0, 336502.0)	(32.0, 403745.0)	(33.0, 507749.0)	(34.0, 677661.0)	(35.0, 971912.0)	(36.0, 1619278.0)	(37.0, 2938659.0)	(38.0, 7611801.0)	(39.0, 74754157.0)	(40.0, 32650981.0)			
mehreen_1027_MERGE_2_val_2	(9.0, 3.0)	(10.0, 16.0)	(11.0, 133.0)	(12.0, 977.0)	(13.0, 5304.0)	(14.0, 20110.0)	(15.0, 45334.0)	(16.0, 66263.0)	(17.0, 72969.0)	(18.0, 74071.0)	(19.0, 78820.0)	(20.0, 87595.0)	(21.0, 101216.0)	(22.0, 116507.0)	(23.0, 138626.0)	(24.0, 156742.0)	(25.0, 182793.0)	(26.0, 201647.0)	(27.0, 224698.0)	(28.0, 250440.0)	(29.0, 283644.0)	(30.0, 324092.0)	(31.0, 380799.0)	(32.0, 460284.0)	(33.0, 573965.0)	(34.0, 742098.0)	(35.0, 982614.0)	(36.0, 1523372.0)	(37.0, 2635224.0)	(38.0, 6512608.0)	(39.0, 72173970.0)	(40.0, 35529370.0)	
mehreen_1028_MERGE_1_val_1	(13.0, 15.0)	(14.0, 129.0)	(15.0, 640.0)	(16.0, 2053.0)	(17.0, 4662.0)	(18.0, 8491.0)	(19.0, 13225.0)	(20.0, 18331.0)	(21.0, 25104.0)	(22.0, 33604.0)	(23.0, 46899.0)	(24.0, 61177.0)	(25.0, 81442.0)	(26.0, 101595.0)	(27.0, 122932.0)	(28.0, 144369.0)	(29.0, 167935.0)	(30.0, 195559.0)	(31.0, 231924.0)	(32.0, 279241.0)	(33.0, 349737.0)	(34.0, 470038.0)	(35.0, 676845.0)	(36.0, 1144384.0)	(37.0, 2137831.0)	(38.0, 5735767.0)	(39.0, 53648160.0)	(40.0, 20798986.0)					
mehreen_1028_MERGE_2_val_2	(9.0, 3.0)	(10.0, 37.0)	(11.0, 247.0)	(12.0, 1446.0)	(13.0, 5626.0)	(14.0, 16857.0)	(15.0, 33726.0)	(16.0, 45477.0)	(17.0, 48857.0)	(18.0, 49607.0)	(19.0, 53796.0)	(20.0, 59429.0)	(21.0, 68567.0)	(22.0, 77967.0)	(23.0, 92376.0)	(24.0, 106096.0)	(25.0, 123828.0)	(26.0, 136957.0)	(27.0, 156442.0)	(28.0, 171929.0)	(29.0, 196895.0)	(30.0, 225987.0)	(31.0, 264826.0)	(32.0, 321764.0)	(33.0, 405608.0)	(34.0, 549411.0)	(35.0, 781155.0)	(36.0, 1260740.0)	(37.0, 2235324.0)	(38.0, 5615956.0)	(39.0, 51622982.0)	(40.0, 21771157.0)	
mehreen_1029_MERGE_1_val_1	(12.0, 1.0)	(13.0, 12.0)	(14.0, 116.0)	(15.0, 579.0)	(16.0, 1760.0)	(17.0, 4035.0)	(18.0, 7495.0)	(19.0, 11809.0)	(20.0, 16909.0)	(21.0, 22761.0)	(22.0, 30024.0)	(23.0, 40679.0)	(24.0, 53803.0)	(25.0, 70280.0)	(26.0, 85885.0)	(27.0, 103950.0)	(28.0, 121148.0)	(29.0, 141522.0)	(30.0, 164857.0)	(31.0, 194465.0)	(32.0, 233478.0)	(33.0, 290971.0)	(34.0, 386762.0)	(35.0, 549693.0)	(36.0, 914768.0)	(37.0, 1673406.0)	(38.0, 4307199.0)	(39.0, 42356884.0)	(40.0, 18807085.0)				
mehreen_1029_MERGE_2_val_2	(9.0, 5.0)	(10.0, 20.0)	(11.0, 251.0)	(12.0, 1247.0)	(13.0, 4757.0)	(14.0, 14172.0)	(15.0, 29229.0)	(16.0, 40740.0)	(17.0, 44805.0)	(18.0, 46005.0)	(19.0, 49208.0)	(20.0, 54273.0)	(21.0, 61952.0)	(22.0, 70678.0)	(23.0, 83299.0)	(24.0, 95086.0)	(25.0, 110733.0)	(26.0, 122504.0)	(27.0, 138563.0)	(28.0, 153611.0)	(29.0, 174781.0)	(30.0, 199375.0)	(31.0, 233067.0)	(32.0, 281051.0)	(33.0, 352480.0)	(34.0, 477858.0)	(35.0, 678265.0)	(36.0, 1089315.0)	(37.0, 1922724.0)	(38.0, 4630717.0)	(39.0, 40375347.0)	(40.0, 19056218.0)	
mehreen_1030_MERGE_1_val_1	(12.0, 2.0)	(13.0, 34.0)	(14.0, 235.0)	(15.0, 1254.0)	(16.0, 3792.0)	(17.0, 8797.0)	(18.0, 17182.0)	(19.0, 26302.0)	(20.0, 35660.0)	(21.0, 46380.0)	(22.0, 58798.0)	(23.0, 78316.0)	(24.0, 100423.0)	(25.0, 129704.0)	(26.0, 157615.0)	(27.0, 187765.0)	(28.0, 219320.0)	(29.0, 254296.0)	(30.0, 295312.0)	(31.0, 350649.0)	(32.0, 421197.0)	(33.0, 528814.0)	(34.0, 709357.0)	(35.0, 1009325.0)	(36.0, 1692477.0)	(37.0, 3070931.0)	(38.0, 7724561.0)	(39.0, 72748281.0)	(40.0, 33715688.0)				
mehreen_1030_MERGE_2_val_2	(9.0, 5.0)	(10.0, 34.0)	(11.0, 324.0)	(12.0, 1978.0)	(13.0, 8487.0)	(14.0, 31533.0)	(15.0, 74271.0)	(16.0, 110067.0)	(17.0, 125324.0)	(18.0, 124762.0)	(19.0, 123918.0)	(20.0, 124634.0)	(21.0, 136247.0)	(22.0, 145212.0)	(23.0, 165643.0)	(24.0, 182444.0)	(25.0, 209104.0)	(26.0, 231289.0)	(27.0, 262953.0)	(28.0, 294102.0)	(29.0, 333991.0)	(30.0, 377752.0)	(31.0, 430957.0)	(32.0, 504015.0)	(33.0, 613739.0)	(34.0, 795217.0)	(35.0, 1102046.0)	(36.0, 1764210.0)	(37.0, 3144606.0)	(38.0, 7793547.0)	(39.0, 71148916.0)	(40.0, 33231140.0)	
mehreen_1031_MERGE_1_val_1	(12.0, 1.0)	(13.0, 23.0)	(14.0, 147.0)	(15.0, 631.0)	(16.0, 1970.0)	(17.0, 4626.0)	(18.0, 8582.0)	(19.0, 13668.0)	(20.0, 18792.0)	(21.0, 25524.0)	(22.0, 33582.0)	(23.0, 45871.0)	(24.0, 60527.0)	(25.0, 78848.0)	(26.0, 97401.0)	(27.0, 117597.0)	(28.0, 138745.0)	(29.0, 160750.0)	(30.0, 187464.0)	(31.0, 221844.0)	(32.0, 265619.0)	(33.0, 333424.0)	(34.0, 447146.0)	(35.0, 640960.0)	(36.0, 1069934.0)	(37.0, 1968519.0)	(38.0, 5095862.0)	(39.0, 47512051.0)	(40.0, 21144135.0)				
mehreen_1031_MERGE_2_val_2	(10.0, 20.0)	(11.0, 152.0)	(12.0, 832.0)	(13.0, 3544.0)	(14.0, 11542.0)	(15.0, 25096.0)	(16.0, 37671.0)	(17.0, 43453.0)	(18.0, 45462.0)	(19.0, 47626.0)	(20.0, 51229.0)	(21.0, 58563.0)	(22.0, 66598.0)	(23.0, 79494.0)	(24.0, 92652.0)	(25.0, 108035.0)	(26.0, 122586.0)	(27.0, 139069.0)	(28.0, 157217.0)	(29.0, 181311.0)	(30.0, 210832.0)	(31.0, 248310.0)	(32.0, 304987.0)	(33.0, 387605.0)	(34.0, 536014.0)	(35.0, 792546.0)	(36.0, 1265565.0)	(37.0, 2167787.0)	(38.0, 5065236.0)	(39.0, 44530871.0)	(40.0, 22912338.0)		
mehreen_1032_MERGE_1_val_1	(12.0, 1.0)	(13.0, 12.0)	(14.0, 176.0)	(15.0, 773.0)	(16.0, 2248.0)	(17.0, 5153.0)	(18.0, 9466.0)	(19.0, 14496.0)	(20.0, 20212.0)	(21.0, 27300.0)	(22.0, 37186.0)	(23.0, 50593.0)	(24.0, 67399.0)	(25.0, 88449.0)	(26.0, 109363.0)	(27.0, 132704.0)	(28.0, 155414.0)	(29.0, 180832.0)	(30.0, 208998.0)	(31.0, 246859.0)	(32.0, 296372.0)	(33.0, 366867.0)	(34.0, 487829.0)	(35.0, 693327.0)	(36.0, 1148472.0)	(37.0, 2064496.0)	(38.0, 5201694.0)	(39.0, 51084824.0)	(40.0, 25467163.0)				
mehreen_1032_MERGE_2_val_2	(9.0, 5.0)	(10.0, 33.0)	(11.0, 249.0)	(12.0, 1470.0)	(13.0, 5414.0)	(14.0, 15381.0)	(15.0, 31297.0)	(16.0, 44592.0)	(17.0, 48670.0)	(18.0, 50004.0)	(19.0, 53984.0)	(20.0, 60159.0)	(21.0, 68882.0)	(22.0, 79608.0)	(23.0, 94584.0)	(24.0, 109329.0)	(25.0, 127345.0)	(26.0, 142555.0)	(27.0, 161089.0)	(28.0, 179739.0)	(29.0, 204101.0)	(30.0, 233717.0)	(31.0, 272496.0)	(32.0, 326605.0)	(33.0, 407960.0)	(34.0, 548644.0)	(35.0, 797604.0)	(36.0, 1325204.0)	(37.0, 2382676.0)	(38.0, 5696939.0)	(39.0, 48517596.0)	(40.0, 26180747.0)	
mehreen_1033_MERGE_1_val_1	(12.0, 1.0)	(13.0, 19.0)	(14.0, 168.0)	(15.0, 770.0)	(16.0, 2519.0)	(17.0, 5616.0)	(18.0, 10122.0)	(19.0, 15903.0)	(20.0, 22063.0)	(21.0, 30214.0)	(22.0, 40031.0)	(23.0, 55040.0)	(24.0, 72278.0)	(25.0, 94384.0)	(26.0, 116362.0)	(27.0, 140767.0)	(28.0, 163968.0)	(29.0, 190950.0)	(30.0, 221329.0)	(31.0, 262502.0)	(32.0, 315835.0)	(33.0, 394398.0)	(34.0, 531730.0)	(35.0, 761504.0)	(36.0, 1291825.0)	(37.0, 2427392.0)	(38.0, 6451677.0)	(39.0, 55296387.0)	(40.0, 22884870.0)				
mehreen_1033_MERGE_2_val_2	(9.0, 3.0)	(10.0, 37.0)	(11.0, 286.0)	(12.0, 1572.0)	(13.0, 6027.0)	(14.0, 16800.0)	(15.0, 33766.0)	(16.0, 47440.0)	(17.0, 52730.0)	(18.0, 54147.0)	(19.0, 57125.0)	(20.0, 62972.0)	(21.0, 72764.0)	(22.0, 82740.0)	(23.0, 97882.0)	(24.0, 111560.0)	(25.0, 130229.0)	(26.0, 146451.0)	(27.0, 166519.0)	(28.0, 184695.0)	(29.0, 210789.0)	(30.0, 240176.0)	(31.0, 281667.0)	(32.0, 338683.0)	(33.0, 424290.0)	(34.0, 575103.0)	(35.0, 828102.0)	(36.0, 1374306.0)	(37.0, 2514153.0)	(38.0, 6325095.0)	(39.0, 53024623.0)	(40.0, 24337892.0)	
mehreen_1034_MERGE_1_val_1	(13.0, 11.0)	(14.0, 115.0)	(15.0, 513.0)	(16.0, 1661.0)	(17.0, 4016.0)	(18.0, 7345.0)	(19.0, 11531.0)	(20.0, 16210.0)	(21.0, 23136.0)	(22.0, 30984.0)	(23.0, 43031.0)	(24.0, 57180.0)	(25.0, 76312.0)	(26.0, 94801.0)	(27.0, 115926.0)	(28.0, 135818.0)	(29.0, 159677.0)	(30.0, 185803.0)	(31.0, 220820.0)	(32.0, 266494.0)	(33.0, 329491.0)	(34.0, 441067.0)	(35.0, 631309.0)	(36.0, 1058411.0)	(37.0, 1940601.0)	(38.0, 5088713.0)	(39.0, 50947969.0)	(40.0, 21469183.0)					
mehreen_1034_MERGE_2_val_2	(9.0, 3.0)	(10.0, 13.0)	(11.0, 178.0)	(12.0, 1020.0)	(13.0, 3888.0)	(14.0, 11943.0)	(15.0, 24059.0)	(16.0, 33938.0)	(17.0, 37215.0)	(18.0, 38785.0)	(19.0, 42979.0)	(20.0, 48958.0)	(21.0, 58049.0)	(22.0, 68263.0)	(23.0, 82843.0)	(24.0, 96110.0)	(25.0, 114058.0)	(26.0, 128889.0)	(27.0, 146692.0)	(28.0, 164395.0)	(29.0, 189353.0)	(30.0, 220608.0)	(31.0, 265236.0)	(32.0, 329758.0)	(33.0, 424210.0)	(34.0, 579481.0)	(35.0, 833240.0)	(36.0, 1311120.0)	(37.0, 2229142.0)	(38.0, 5219183.0)	(39.0, 47458315.0)	(40.0, 23196204.0)	
mehreen_1035_MERGE_1_val_1	(12.0, 1.0)	(13.0, 22.0)	(14.0, 219.0)	(15.0, 864.0)	(16.0, 2449.0)	(17.0, 5278.0)	(18.0, 9336.0)	(19.0, 14413.0)	(20.0, 20213.0)	(21.0, 27536.0)	(22.0, 36749.0)	(23.0, 50409.0)	(24.0, 66137.0)	(25.0, 86037.0)	(26.0, 106517.0)	(27.0, 129172.0)	(28.0, 150345.0)	(29.0, 175290.0)	(30.0, 202856.0)	(31.0, 241072.0)	(32.0, 288730.0)	(33.0, 356542.0)	(34.0, 474372.0)	(35.0, 675443.0)	(36.0, 1122558.0)	(37.0, 2035808.0)	(38.0, 5244016.0)	(39.0, 51979189.0)	(40.0, 23286459.0)				
mehreen_1035_MERGE_2_val_2	(9.0, 2.0)	(10.0, 16.0)	(11.0, 222.0)	(12.0, 1268.0)	(13.0, 5045.0)	(14.0, 15327.0)	(15.0, 31196.0)	(16.0, 43852.0)	(17.0, 48662.0)	(18.0, 48993.0)	(19.0, 52538.0)	(20.0, 58339.0)	(21.0, 67556.0)	(22.0, 76636.0)	(23.0, 91480.0)	(24.0, 104931.0)	(25.0, 123380.0)	(26.0, 137866.0)	(27.0, 155604.0)	(28.0, 173725.0)	(29.0, 197940.0)	(30.0, 228497.0)	(31.0, 268508.0)	(32.0, 324549.0)	(33.0, 409334.0)	(34.0, 554697.0)	(35.0, 800965.0)	(36.0, 1311732.0)	(37.0, 2321408.0)	(38.0, 5535090.0)	(39.0, 48418972.0)	(40.0, 25179702.0)	
mehreen_1036_MERGE_1_val_1	(13.0, 10.0)	(14.0, 126.0)	(15.0, 641.0)	(16.0, 2072.0)	(17.0, 4481.0)	(18.0, 8448.0)	(19.0, 13281.0)	(20.0, 18947.0)	(21.0, 26453.0)	(22.0, 35279.0)	(23.0, 49349.0)	(24.0, 65442.0)	(25.0, 87099.0)	(26.0, 108498.0)	(27.0, 131847.0)	(28.0, 155548.0)	(29.0, 181235.0)	(30.0, 208928.0)	(31.0, 249221.0)	(32.0, 300356.0)	(33.0, 372615.0)	(34.0, 496889.0)	(35.0, 711682.0)	(36.0, 1191139.0)	(37.0, 2180058.0)	(38.0, 5684308.0)	(39.0, 56088551.0)	(40.0, 24294212.0)					
mehreen_1036_MERGE_2_val_2	(10.0, 24.0)	(11.0, 232.0)	(12.0, 1338.0)	(13.0, 5251.0)	(14.0, 16383.0)	(15.0, 33568.0)	(16.0, 47943.0)	(17.0, 51744.0)	(18.0, 53824.0)	(19.0, 58524.0)	(20.0, 65875.0)	(21.0, 77206.0)	(22.0, 89153.0)	(23.0, 107496.0)	(24.0, 123923.0)	(25.0, 146264.0)	(26.0, 164265.0)	(27.0, 184705.0)	(28.0, 208032.0)	(29.0, 236735.0)	(30.0, 273911.0)	(31.0, 326709.0)	(32.0, 404618.0)	(33.0, 517436.0)	(34.0, 700300.0)	(35.0, 992897.0)	(36.0, 1537954.0)	(37.0, 2594536.0)	(38.0, 6128778.0)	(39.0, 53447533.0)	(40.0, 24069558.0)		
mehreen_1037_MERGE_1_val_1	(12.0, 3.0)	(13.0, 14.0)	(14.0, 135.0)	(15.0, 741.0)	(16.0, 2417.0)	(17.0, 5163.0)	(18.0, 9491.0)	(19.0, 14619.0)	(20.0, 20479.0)	(21.0, 27883.0)	(22.0, 37509.0)	(23.0, 51751.0)	(24.0, 67819.0)	(25.0, 88753.0)	(26.0, 109654.0)	(27.0, 132354.0)	(28.0, 152676.0)	(29.0, 176993.0)	(30.0, 202897.0)	(31.0, 239742.0)	(32.0, 285461.0)	(33.0, 347983.0)	(34.0, 459862.0)	(35.0, 645626.0)	(36.0, 1070397.0)	(37.0, 1928816.0)	(38.0, 4929352.0)	(39.0, 49944139.0)	(40.0, 24346517.0)				
mehreen_1037_MERGE_2_val_2	(9.0, 3.0)	(10.0, 19.0)	(11.0, 178.0)	(12.0, 1059.0)	(13.0, 4240.0)	(14.0, 13774.0)	(15.0, 29092.0)	(16.0, 41725.0)	(17.0, 45921.0)	(18.0, 47486.0)	(19.0, 51189.0)	(20.0, 57903.0)	(21.0, 67928.0)	(22.0, 78246.0)	(23.0, 94539.0)	(24.0, 109358.0)	(25.0, 128802.0)	(26.0, 143040.0)	(27.0, 159610.0)	(28.0, 176854.0)	(29.0, 199013.0)	(30.0, 226423.0)	(31.0, 262907.0)	(32.0, 316488.0)	(33.0, 394564.0)	(34.0, 527649.0)	(35.0, 750488.0)	(36.0, 1218594.0)	(37.0, 2171059.0)	(38.0, 5298956.0)	(39.0, 47608015.0)	(40.0, 25074124.0)	
mehreen_1038_MERGE_1_val_1	(13.0, 11.0)	(14.0, 154.0)	(15.0, 820.0)	(16.0, 2507.0)	(17.0, 5679.0)	(18.0, 10286.0)	(19.0, 16030.0)	(20.0, 22478.0)	(21.0, 30758.0)	(22.0, 41238.0)	(23.0, 57155.0)	(24.0, 76905.0)	(25.0, 101353.0)	(26.0, 126047.0)	(27.0, 153452.0)	(28.0, 182100.0)	(29.0, 211895.0)	(30.0, 247774.0)	(31.0, 294356.0)	(32.0, 355148.0)	(33.0, 439679.0)	(34.0, 589423.0)	(35.0, 845955.0)	(36.0, 1396380.0)	(37.0, 2525231.0)	(38.0, 6400121.0)	(39.0, 58380819.0)	(40.0, 27047425.0)					
mehreen_1038_MERGE_2_val_2	(9.0, 1.0)	(10.0, 17.0)	(11.0, 87.0)	(12.0, 621.0)	(13.0, 2979.0)	(14.0, 10115.0)	(15.0, 22978.0)	(16.0, 35415.0)	(17.0, 40113.0)	(18.0, 43134.0)	(19.0, 48711.0)	(20.0, 57141.0)	(21.0, 68473.0)	(22.0, 82851.0)	(23.0, 102585.0)	(24.0, 122822.0)	(25.0, 146478.0)	(26.0, 168828.0)	(27.0, 193818.0)	(28.0, 222987.0)	(29.0, 257379.0)	(30.0, 303925.0)	(31.0, 368263.0)	(32.0, 460313.0)	(33.0, 596013.0)	(34.0, 840421.0)	(35.0, 1248579.0)	(36.0, 1901275.0)	(37.0, 2920535.0)	(38.0, 5918407.0)	(39.0, 51926314.0)	(40.0, 31449601.0)	
mehreen_1039_MERGE_1_val_1	(12.0, 2.0)	(13.0, 20.0)	(14.0, 108.0)	(15.0, 611.0)	(16.0, 1901.0)	(17.0, 4046.0)	(18.0, 7778.0)	(19.0, 11962.0)	(20.0, 16650.0)	(21.0, 22301.0)	(22.0, 29110.0)	(23.0, 39487.0)	(24.0, 51657.0)	(25.0, 67219.0)	(26.0, 83245.0)	(27.0, 100610.0)	(28.0, 117938.0)	(29.0, 137895.0)	(30.0, 160213.0)	(31.0, 191314.0)	(32.0, 230588.0)	(33.0, 285985.0)	(34.0, 384710.0)	(35.0, 547535.0)	(36.0, 916039.0)	(37.0, 1709160.0)	(38.0, 4547200.0)	(39.0, 41670065.0)	(40.0, 17152861.0)				
mehreen_1039_MERGE_2_val_2	(9.0, 2.0)	(10.0, 36.0)	(11.0, 293.0)	(12.0, 1455.0)	(13.0, 5257.0)	(14.0, 14086.0)	(15.0, 28513.0)	(16.0, 41537.0)	(17.0, 46322.0)	(18.0, 46715.0)	(19.0, 48938.0)	(20.0, 53107.0)	(21.0, 60523.0)	(22.0, 67793.0)	(23.0, 79597.0)	(24.0, 89691.0)	(25.0, 104606.0)	(26.0, 117646.0)	(27.0, 131638.0)	(28.0, 147079.0)	(29.0, 167684.0)	(30.0, 191364.0)	(31.0, 222613.0)	(32.0, 267167.0)	(33.0, 334416.0)	(34.0, 452446.0)	(35.0, 651462.0)	(36.0, 1041863.0)	(37.0, 1824597.0)	(38.0, 4454664.0)	(39.0, 39486600.0)	(40.0, 18308500.0)	
mehreen_1040_MERGE_1_val_1	(12.0, 2.0)	(13.0, 8.0)	(14.0, 89.0)	(15.0, 458.0)	(16.0, 1512.0)	(17.0, 3485.0)	(18.0, 6508.0)	(19.0, 10304.0)	(20.0, 14488.0)	(21.0, 19646.0)	(22.0, 26458.0)	(23.0, 36789.0)	(24.0, 48916.0)	(25.0, 65235.0)	(26.0, 81483.0)	(27.0, 99880.0)	(28.0, 117046.0)	(29.0, 137259.0)	(30.0, 160848.0)	(31.0, 189415.0)	(32.0, 228897.0)	(33.0, 286180.0)	(34.0, 384957.0)	(35.0, 555475.0)	(36.0, 935291.0)	(37.0, 1765156.0)	(38.0, 4853248.0)	(39.0, 47073258.0)	(40.0, 18150355.0)				
mehreen_1040_MERGE_2_val_2	(9.0, 1.0)	(10.0, 15.0)	(11.0, 132.0)	(12.0, 700.0)	(13.0, 2836.0)	(14.0, 8975.0)	(15.0, 19012.0)	(16.0, 27812.0)	(17.0, 30109.0)	(18.0, 31649.0)	(19.0, 34621.0)	(20.0, 39415.0)	(21.0, 46964.0)	(22.0, 54227.0)	(23.0, 65973.0)	(24.0, 76925.0)	(25.0, 90439.0)	(26.0, 102231.0)	(27.0, 116417.0)	(28.0, 130348.0)	(29.0, 149543.0)	(30.0, 172683.0)	(31.0, 202487.0)	(32.0, 249572.0)	(33.0, 315275.0)	(34.0, 435462.0)	(35.0, 641787.0)	(36.0, 1069501.0)	(37.0, 1924349.0)	(38.0, 4783301.0)	(39.0, 43322759.0)	(40.0, 21107126.0)	
mehreen_1041_MERGE_1_val_1	(12.0, 2.0)	(13.0, 10.0)	(14.0, 115.0)	(15.0, 533.0)	(16.0, 1546.0)	(17.0, 3533.0)	(18.0, 6331.0)	(19.0, 10097.0)	(20.0, 13737.0)	(21.0, 18885.0)	(22.0, 25265.0)	(23.0, 35158.0)	(24.0, 46970.0)	(25.0, 61844.0)	(26.0, 76310.0)	(27.0, 92566.0)	(28.0, 109185.0)	(29.0, 127079.0)	(30.0, 147984.0)	(31.0, 175028.0)	(32.0, 210241.0)	(33.0, 260018.0)	(34.0, 346711.0)	(35.0, 491603.0)	(36.0, 810996.0)	(37.0, 1448337.0)	(38.0, 3582865.0)	(39.0, 35661730.0)	(40.0, 19657861.0)				
mehreen_1041_MERGE_2_val_2	(9.0, 3.0)	(10.0, 15.0)	(11.0, 70.0)	(12.0, 546.0)	(13.0, 2244.0)	(14.0, 7541.0)	(15.0, 17114.0)	(16.0, 25272.0)	(17.0, 28306.0)	(18.0, 30101.0)	(19.0, 33710.0)	(20.0, 39138.0)	(21.0, 46581.0)	(22.0, 55195.0)	(23.0, 67324.0)	(24.0, 79652.0)	(25.0, 94631.0)	(26.0, 107804.0)	(27.0, 122328.0)	(28.0, 138901.0)	(29.0, 160471.0)	(30.0, 187411.0)	(31.0, 224964.0)	(32.0, 280522.0)	(33.0, 365353.0)	(34.0, 519147.0)	(35.0, 775040.0)	(36.0, 1182312.0)	(37.0, 1848255.0)	(38.0, 3881779.0)	(39.0, 33667887.0)	(40.0, 19432923.0)	
mehreen_1042_MERGE_1_val_1	(13.0, 8.0)	(14.0, 128.0)	(15.0, 629.0)	(16.0, 1879.0)	(17.0, 4230.0)	(18.0, 7675.0)	(19.0, 12299.0)	(20.0, 17599.0)	(21.0, 23507.0)	(22.0, 31854.0)	(23.0, 44089.0)	(24.0, 58416.0)	(25.0, 78050.0)	(26.0, 95802.0)	(27.0, 117193.0)	(28.0, 137027.0)	(29.0, 160576.0)	(30.0, 186539.0)	(31.0, 220924.0)	(32.0, 266098.0)	(33.0, 331969.0)	(34.0, 445908.0)	(35.0, 637926.0)	(36.0, 1063305.0)	(37.0, 1940172.0)	(38.0, 5091535.0)	(39.0, 48660567.0)	(40.0, 21090813.0)					
mehreen_1042_MERGE_2_val_2	(9.0, 1.0)	(10.0, 23.0)	(11.0, 153.0)	(12.0, 840.0)	(13.0, 3455.0)	(14.0, 11636.0)	(15.0, 25651.0)	(16.0, 37170.0)	(17.0, 40639.0)	(18.0, 42578.0)	(19.0, 45760.0)	(20.0, 51117.0)	(21.0, 59944.0)	(22.0, 69791.0)	(23.0, 83609.0)	(24.0, 97182.0)	(25.0, 113625.0)	(26.0, 128521.0)	(27.0, 144349.0)	(28.0, 160502.0)	(29.0, 183731.0)	(30.0, 211531.0)	(31.0, 248074.0)	(32.0, 302895.0)	(33.0, 381224.0)	(34.0, 511791.0)	(35.0, 728041.0)	(36.0, 1167285.0)	(37.0, 2060557.0)	(38.0, 4966504.0)	(39.0, 45022971.0)	(40.0, 23825567.0)	
mehreen_1043_MERGE_1_val_1	(13.0, 20.0)	(14.0, 188.0)	(15.0, 893.0)	(16.0, 2777.0)	(17.0, 6056.0)	(18.0, 10901.0)	(19.0, 16774.0)	(20.0, 23785.0)	(21.0, 33222.0)	(22.0, 43717.0)	(23.0, 61378.0)	(24.0, 80150.0)	(25.0, 105750.0)	(26.0, 128915.0)	(27.0, 157244.0)	(28.0, 180855.0)	(29.0, 210768.0)	(30.0, 242694.0)	(31.0, 285364.0)	(32.0, 341006.0)	(33.0, 420986.0)	(34.0, 557196.0)	(35.0, 788500.0)	(36.0, 1302625.0)	(37.0, 2342482.0)	(38.0, 5850551.0)	(39.0, 57215214.0)	(40.0, 29565173.0)					
mehreen_1043_MERGE_2_val_2	(9.0, 1.0)	(10.0, 26.0)	(11.0, 176.0)	(12.0, 1095.0)	(13.0, 4687.0)	(14.0, 14825.0)	(15.0, 30728.0)	(16.0, 44600.0)	(17.0, 48960.0)	(18.0, 51844.0)	(19.0, 56498.0)	(20.0, 65345.0)	(21.0, 77968.0)	(22.0, 90792.0)	(23.0, 109809.0)	(24.0, 128027.0)	(25.0, 150413.0)	(26.0, 168374.0)	(27.0, 190734.0)	(28.0, 213246.0)	(29.0, 242521.0)	(30.0, 278186.0)	(31.0, 324939.0)	(32.0, 396050.0)	(33.0, 497313.0)	(34.0, 671139.0)	(35.0, 944647.0)	(36.0, 1502767.0)	(37.0, 2573036.0)	(38.0, 5883250.0)	(39.0, 55671889.0)	(40.0, 29541299.0)	
mehreen_1045_MERGE_1_val_1	(12.0, 1.0)	(13.0, 10.0)	(14.0, 110.0)	(15.0, 637.0)	(16.0, 2060.0)	(17.0, 4555.0)	(18.0, 8664.0)	(19.0, 13856.0)	(20.0, 19145.0)	(21.0, 26217.0)	(22.0, 35492.0)	(23.0, 49066.0)	(24.0, 64227.0)	(25.0, 84986.0)	(26.0, 104510.0)	(27.0, 127112.0)	(28.0, 148440.0)	(29.0, 172916.0)	(30.0, 201126.0)	(31.0, 237089.0)	(32.0, 283645.0)	(33.0, 351666.0)	(34.0, 465846.0)	(35.0, 661050.0)	(36.0, 1089811.0)	(37.0, 1966509.0)	(38.0, 5002547.0)	(39.0, 48225511.0)	(40.0, 22944143.0)				
mehreen_1045_MERGE_2_val_2	(9.0, 3.0)	(10.0, 22.0)	(11.0, 132.0)	(12.0, 821.0)	(13.0, 3261.0)	(14.0, 10361.0)	(15.0, 21910.0)	(16.0, 32973.0)	(17.0, 36510.0)	(18.0, 38287.0)	(19.0, 42277.0)	(20.0, 48468.0)	(21.0, 57362.0)	(22.0, 68033.0)	(23.0, 82663.0)	(24.0, 96631.0)	(25.0, 114677.0)	(26.0, 130546.0)	(27.0, 148430.0)	(28.0, 167747.0)	(29.0, 193051.0)	(30.0, 225472.0)	(31.0, 269703.0)	(32.0, 331912.0)	(33.0, 423583.0)	(34.0, 585878.0)	(35.0, 860455.0)	(36.0, 1389442.0)	(37.0, 2337358.0)	(38.0, 5131626.0)	(39.0, 43678102.0)	(40.0, 25763251.0)	
mehreen_1046_MERGE_1_val_1	(12.0, 1.0)	(13.0, 5.0)	(14.0, 120.0)	(15.0, 615.0)	(16.0, 1913.0)	(17.0, 4486.0)	(18.0, 8630.0)	(19.0, 13139.0)	(20.0, 18786.0)	(21.0, 25779.0)	(22.0, 34669.0)	(23.0, 46878.0)	(24.0, 61923.0)	(25.0, 81691.0)	(26.0, 101429.0)	(27.0, 124086.0)	(28.0, 144306.0)	(29.0, 169360.0)	(30.0, 198395.0)	(31.0, 234074.0)	(32.0, 280923.0)	(33.0, 350790.0)	(34.0, 468422.0)	(35.0, 665908.0)	(36.0, 1095857.0)	(37.0, 1953373.0)	(38.0, 4792944.0)	(39.0, 46296429.0)	(40.0, 23867523.0)				
mehreen_1046_MERGE_2_val_2	(9.0, 1.0)	(10.0, 19.0)	(11.0, 152.0)	(12.0, 858.0)	(13.0, 3578.0)	(14.0, 12188.0)	(15.0, 27902.0)	(16.0, 42440.0)	(17.0, 47936.0)	(18.0, 49456.0)	(19.0, 53557.0)	(20.0, 59409.0)	(21.0, 69018.0)	(22.0, 79860.0)	(23.0, 95719.0)	(24.0, 110576.0)	(25.0, 130203.0)	(26.0, 146724.0)	(27.0, 166420.0)	(28.0, 187361.0)	(29.0, 214979.0)	(30.0, 248613.0)	(31.0, 293990.0)	(32.0, 362283.0)	(33.0, 461961.0)	(34.0, 625880.0)	(35.0, 885640.0)	(36.0, 1394486.0)	(37.0, 2358007.0)	(38.0, 5224658.0)	(39.0, 43662691.0)	(40.0, 24025889.0)	
mehreen_1049_MERGE_1_val_1	(12.0, 2.0)	(13.0, 17.0)	(14.0, 248.0)	(15.0, 1038.0)	(16.0, 2890.0)	(17.0, 6081.0)	(18.0, 10981.0)	(19.0, 16961.0)	(20.0, 23358.0)	(21.0, 31678.0)	(22.0, 42277.0)	(23.0, 57247.0)	(24.0, 75546.0)	(25.0, 99005.0)	(26.0, 123647.0)	(27.0, 148651.0)	(28.0, 174901.0)	(29.0, 204272.0)	(30.0, 237829.0)	(31.0, 283018.0)	(32.0, 340204.0)	(33.0, 423700.0)	(34.0, 563744.0)	(35.0, 806223.0)	(36.0, 1327273.0)	(37.0, 2399092.0)	(38.0, 5991130.0)	(39.0, 54843105.0)	(40.0, 29159941.0)				
mehreen_1049_MERGE_2_val_2	(9.0, 5.0)	(10.0, 18.0)	(11.0, 212.0)	(12.0, 1088.0)	(13.0, 4412.0)	(14.0, 14771.0)	(15.0, 34015.0)	(16.0, 49810.0)	(17.0, 56697.0)	(18.0, 59565.0)	(19.0, 64195.0)	(20.0, 71193.0)	(21.0, 82591.0)	(22.0, 96954.0)	(23.0, 116611.0)	(24.0, 136658.0)	(25.0, 159186.0)	(26.0, 180550.0)	(27.0, 204048.0)	(28.0, 231013.0)	(29.0, 264912.0)	(30.0, 309119.0)	(31.0, 369032.0)	(32.0, 461259.0)	(33.0, 593707.0)	(34.0, 790380.0)	(35.0, 1037703.0)	(36.0, 1501050.0)	(37.0, 2397591.0)	(38.0, 5244510.0)	(39.0, 50263698.0)	(40.0, 32597506.0)	
mehreen_1050_MERGE_1_val_1	(13.0, 15.0)	(14.0, 183.0)	(15.0, 818.0)	(16.0, 2486.0)	(17.0, 5463.0)	(18.0, 9841.0)	(19.0, 14739.0)	(20.0, 20470.0)	(21.0, 28151.0)	(22.0, 36989.0)	(23.0, 50335.0)	(24.0, 66292.0)	(25.0, 85771.0)	(26.0, 105989.0)	(27.0, 128356.0)	(28.0, 148655.0)	(29.0, 171598.0)	(30.0, 199419.0)	(31.0, 234627.0)	(32.0, 279156.0)	(33.0, 344110.0)	(34.0, 457465.0)	(35.0, 643864.0)	(36.0, 1057473.0)	(37.0, 1895159.0)	(38.0, 4764058.0)	(39.0, 46028004.0)	(40.0, 21215353.0)					
mehreen_1050_MERGE_2_val_2	(9.0, 2.0)	(10.0, 23.0)	(11.0, 217.0)	(12.0, 1099.0)	(13.0, 4592.0)	(14.0, 13935.0)	(15.0, 28027.0)	(16.0, 39640.0)	(17.0, 43143.0)	(18.0, 44454.0)	(19.0, 47715.0)	(20.0, 53220.0)	(21.0, 61301.0)	(22.0, 70193.0)	(23.0, 84488.0)	(24.0, 96926.0)	(25.0, 113406.0)	(26.0, 126839.0)	(27.0, 144231.0)	(28.0, 162569.0)	(29.0, 186178.0)	(30.0, 214441.0)	(31.0, 251989.0)	(32.0, 307071.0)	(33.0, 388819.0)	(34.0, 530829.0)	(35.0, 762856.0)	(36.0, 1247969.0)	(37.0, 2192335.0)	(38.0, 5090789.0)	(39.0, 42802357.0)	(40.0, 22883186.0)	
mehreen_1051_MERGE_1_val_1	(12.0, 1.0)	(13.0, 17.0)	(14.0, 101.0)	(15.0, 502.0)	(16.0, 1570.0)	(17.0, 3580.0)	(18.0, 6698.0)	(19.0, 10784.0)	(20.0, 14927.0)	(21.0, 20836.0)	(22.0, 27980.0)	(23.0, 39106.0)	(24.0, 51999.0)	(25.0, 67859.0)	(26.0, 84994.0)	(27.0, 103651.0)	(28.0, 122754.0)	(29.0, 143618.0)	(30.0, 168847.0)	(31.0, 201595.0)	(32.0, 241496.0)	(33.0, 302400.0)	(34.0, 403455.0)	(35.0, 575026.0)	(36.0, 959896.0)	(37.0, 1736558.0)	(38.0, 4324534.0)	(39.0, 41491073.0)	(40.0, 22159337.0)				
mehreen_1051_MERGE_2_val_2	(9.0, 2.0)	(10.0, 28.0)	(11.0, 231.0)	(12.0, 1260.0)	(13.0, 4576.0)	(14.0, 13499.0)	(15.0, 27973.0)	(16.0, 40659.0)	(17.0, 45835.0)	(18.0, 47330.0)	(19.0, 51002.0)	(20.0, 56954.0)	(21.0, 66190.0)	(22.0, 76945.0)	(23.0, 91396.0)	(24.0, 105407.0)	(25.0, 123357.0)	(26.0, 138657.0)	(27.0, 158401.0)	(28.0, 178083.0)	(29.0, 203887.0)	(30.0, 237779.0)	(31.0, 283936.0)	(32.0, 353365.0)	(33.0, 449220.0)	(34.0, 617753.0)	(35.0, 883855.0)	(36.0, 1383187.0)	(37.0, 2303157.0)	(38.0, 5169785.0)	(39.0, 40120813.0)	(40.0, 20030672.0)	
mehreen_1052_MERGE_1_val_1	(12.0, 3.0)	(13.0, 23.0)	(14.0, 178.0)	(15.0, 778.0)	(16.0, 2393.0)	(17.0, 4914.0)	(18.0, 8866.0)	(19.0, 13933.0)	(20.0, 19365.0)	(21.0, 26570.0)	(22.0, 34858.0)	(23.0, 48221.0)	(24.0, 62879.0)	(25.0, 82285.0)	(26.0, 101392.0)	(27.0, 122385.0)	(28.0, 143624.0)	(29.0, 166218.0)	(30.0, 193384.0)	(31.0, 227815.0)	(32.0, 272014.0)	(33.0, 336522.0)	(34.0, 448637.0)	(35.0, 632311.0)	(36.0, 1035139.0)	(37.0, 1829847.0)	(38.0, 4415802.0)	(39.0, 41315417.0)	(40.0, 24415877.0)				
mehreen_1052_MERGE_2_val_2	(10.0, 21.0)	(11.0, 138.0)	(12.0, 804.0)	(13.0, 3426.0)	(14.0, 10930.0)	(15.0, 24025.0)	(16.0, 35921.0)	(17.0, 41417.0)	(18.0, 43658.0)	(19.0, 47820.0)	(20.0, 53857.0)	(21.0, 63463.0)	(22.0, 74349.0)	(23.0, 90058.0)	(24.0, 106413.0)	(25.0, 124238.0)	(26.0, 141525.0)	(27.0, 161565.0)	(28.0, 182307.0)	(29.0, 208395.0)	(30.0, 241857.0)	(31.0, 285702.0)	(32.0, 349012.0)	(33.0, 437501.0)	(34.0, 595362.0)	(35.0, 874338.0)	(36.0, 1420292.0)	(37.0, 2368942.0)	(38.0, 4955255.0)	(39.0, 38837197.0)	(40.0, 24181862.0)		
mehreen_1054_MERGE_1_val_1	(13.0, 11.0)	(14.0, 128.0)	(15.0, 590.0)	(16.0, 1888.0)	(17.0, 4435.0)	(18.0, 8019.0)	(19.0, 12342.0)	(20.0, 17725.0)	(21.0, 24687.0)	(22.0, 32775.0)	(23.0, 45769.0)	(24.0, 60670.0)	(25.0, 80702.0)	(26.0, 99560.0)	(27.0, 121721.0)	(28.0, 141733.0)	(29.0, 167361.0)	(30.0, 193563.0)	(31.0, 229769.0)	(32.0, 277181.0)	(33.0, 346975.0)	(34.0, 461343.0)	(35.0, 660971.0)	(36.0, 1107698.0)	(37.0, 2022350.0)	(38.0, 5236526.0)	(39.0, 51140446.0)	(40.0, 23984317.0)					
mehreen_1054_MERGE_2_val_2	(9.0, 1.0)	(10.0, 21.0)	(11.0, 184.0)	(12.0, 994.0)	(13.0, 4052.0)	(14.0, 12883.0)	(15.0, 26444.0)	(16.0, 37501.0)	(17.0, 40630.0)	(18.0, 43449.0)	(19.0, 47912.0)	(20.0, 54277.0)	(21.0, 64904.0)	(22.0, 76294.0)	(23.0, 92167.0)	(24.0, 107295.0)	(25.0, 126247.0)	(26.0, 142538.0)	(27.0, 162583.0)	(28.0, 184053.0)	(29.0, 211973.0)	(30.0, 248017.0)	(31.0, 299362.0)	(32.0, 373106.0)	(33.0, 476679.0)	(34.0, 632603.0)	(35.0, 864082.0)	(36.0, 1325869.0)	(37.0, 2238018.0)	(38.0, 5121948.0)	(39.0, 48221831.0)	(40.0, 25243338.0)	
mehreen_1055_MERGE_1_val_1	(13.0, 16.0)	(14.0, 153.0)	(15.0, 784.0)	(16.0, 2225.0)	(17.0, 4860.0)	(18.0, 8481.0)	(19.0, 13566.0)	(20.0, 18882.0)	(21.0, 26222.0)	(22.0, 35224.0)	(23.0, 48584.0)	(24.0, 63758.0)	(25.0, 84920.0)	(26.0, 104113.0)	(27.0, 127425.0)	(28.0, 149582.0)	(29.0, 174175.0)	(30.0, 203938.0)	(31.0, 241993.0)	(32.0, 291562.0)	(33.0, 361912.0)	(34.0, 481881.0)	(35.0, 689413.0)	(36.0, 1147645.0)	(37.0, 2113027.0)	(38.0, 5513200.0)	(39.0, 52359373.0)	(40.0, 21776007.0)					
mehreen_1055_MERGE_2_val_2	(9.0, 2.0)	(10.0, 20.0)	(11.0, 154.0)	(12.0, 849.0)	(13.0, 3582.0)	(14.0, 11462.0)	(15.0, 23199.0)	(16.0, 33752.0)	(17.0, 37125.0)	(18.0, 39659.0)	(19.0, 43685.0)	(20.0, 50703.0)	(21.0, 59454.0)	(22.0, 70796.0)	(23.0, 85824.0)	(24.0, 100826.0)	(25.0, 118612.0)	(26.0, 135670.0)	(27.0, 155792.0)	(28.0, 176068.0)	(29.0, 204261.0)	(30.0, 240101.0)	(31.0, 287635.0)	(32.0, 361728.0)	(33.0, 466668.0)	(34.0, 641860.0)	(35.0, 916980.0)	(36.0, 1440224.0)	(37.0, 2388246.0)	(38.0, 5285080.0)	(39.0, 46727117.0)	(40.0, 25935787.0)	
mehreen_1057_MERGE_1_val_1	(12.0, 3.0)	(13.0, 16.0)	(14.0, 127.0)	(15.0, 628.0)	(16.0, 1924.0)	(17.0, 4164.0)	(18.0, 7728.0)	(19.0, 12070.0)	(20.0, 17213.0)	(21.0, 22947.0)	(22.0, 30351.0)	(23.0, 41428.0)	(24.0, 54672.0)	(25.0, 70783.0)	(26.0, 87351.0)	(27.0, 106375.0)	(28.0, 124092.0)	(29.0, 145149.0)	(30.0, 168092.0)	(31.0, 200344.0)	(32.0, 240746.0)	(33.0, 300492.0)	(34.0, 403283.0)	(35.0, 576561.0)	(36.0, 966093.0)	(37.0, 1786577.0)	(38.0, 4609207.0)	(39.0, 41718707.0)	(40.0, 19411534.0)				
mehreen_1057_MERGE_2_val_2	(9.0, 1.0)	(10.0, 20.0)	(11.0, 189.0)	(12.0, 1161.0)	(13.0, 4280.0)	(14.0, 12446.0)	(15.0, 24982.0)	(16.0, 36260.0)	(17.0, 40462.0)	(18.0, 41717.0)	(19.0, 44826.0)	(20.0, 49685.0)	(21.0, 56823.0)	(22.0, 64572.0)	(23.0, 76704.0)	(24.0, 87799.0)	(25.0, 102816.0)	(26.0, 115240.0)	(27.0, 130940.0)	(28.0, 147337.0)	(29.0, 168950.0)	(30.0, 195196.0)	(31.0, 230181.0)	(32.0, 281897.0)	(33.0, 355939.0)	(34.0, 485608.0)	(35.0, 697452.0)	(36.0, 1122312.0)	(37.0, 1944703.0)	(38.0, 4518104.0)	(39.0, 39029848.0)	(40.0, 21040207.0)	
mehreen_1058_MERGE_1_val_1	(13.0, 8.0)	(14.0, 118.0)	(15.0, 520.0)	(16.0, 1784.0)	(17.0, 3863.0)	(18.0, 7028.0)	(19.0, 11094.0)	(20.0, 15437.0)	(21.0, 21431.0)	(22.0, 28701.0)	(23.0, 39982.0)	(24.0, 53606.0)	(25.0, 69745.0)	(26.0, 88234.0)	(27.0, 106123.0)	(28.0, 124427.0)	(29.0, 145626.0)	(30.0, 169577.0)	(31.0, 200511.0)	(32.0, 240373.0)	(33.0, 297139.0)	(34.0, 395301.0)	(35.0, 562589.0)	(36.0, 918185.0)	(37.0, 1636539.0)	(38.0, 4072854.0)	(39.0, 38342194.0)	(40.0, 19033523.0)					
mehreen_1058_MERGE_2_val_2	(9.0, 2.0)	(10.0, 16.0)	(11.0, 96.0)	(12.0, 539.0)	(13.0, 2508.0)	(14.0, 9170.0)	(15.0, 21040.0)	(16.0, 31438.0)	(17.0, 35861.0)	(18.0, 38024.0)	(19.0, 41113.0)	(20.0, 46944.0)	(21.0, 55581.0)	(22.0, 65604.0)	(23.0, 79853.0)	(24.0, 94634.0)	(25.0, 112085.0)	(26.0, 127809.0)	(27.0, 146363.0)	(28.0, 166293.0)	(29.0, 191488.0)	(30.0, 223368.0)	(31.0, 266371.0)	(32.0, 329782.0)	(33.0, 421183.0)	(34.0, 578912.0)	(35.0, 831160.0)	(36.0, 1262024.0)	(37.0, 1977591.0)	(38.0, 4031750.0)	(39.0, 33960531.0)	(40.0, 21437379.0)	
