Sample	0	1	2	3	4	5	6	7	8	9	10	11	12	13	14	15	16	17	18	19	20	21	22	23	24	25	26	27	28	29	30	31	32	33	34	35	36
mehreen_1002_MERGE_1_val_1	(1, 0.16575570707086096)	(2, 0.001019928245363917)	(3, 0.05147479966501515)	(4, 0.11118954594389141)	(5, 0.00048312390569869753)	(6, 0.03565801768040877)	(7, 0.0)	(8, 0.08481034915822527)	(9, 1.5788362931329982e-06)	(10, 0.13047566279902825)	(15, 0.051193135270320225)	(20, 0.03942054302716935)	(25, 0.07495297197561546)	(30, 0.08526978209568936)	(35, 0.04558044367706736)	(40, 0.035496954444896534)	(45, 0.05415870244678204)	(50, 0.07899453736872171)	(55, 0.058204242795330534)	(60, 0.0039012053057710006)	(65, 0.0019688398176049295)	(70, 0.018271546743867863)	(75, 0.009418434959192631)	(80, 0.0010968161482261187)	(85, 0.035723513967107726)	(90, 0.021775881391992807)	(95, 0.024902920002290947)	(100, 0.0006529541229839166)	(105, 0.03456636187551934)	(110, 0.0189216140325368)	(115, 0.052279009675575354)	(120, 0.0177883102503203)	(125, 0.00027606645862886264)	(130, 0.008529674775678786)	(135, 0.04806446072210764)	(140, 0.00946648906246408)	(145, 0.05493010371643695)
mehreen_1002_MERGE_2_val_2	(1, 0.001015191736484518)	(2, 0.00013104341233003886)	(3, 0.00011525504939870889)	(4, 0.00196407234865745)	(5, 0.1627906525123572)	(6, 0.0008541504345849521)	(7, 0.0034102863931672763)	(8, 0.00046891437906050056)	(9, 8.052065094978291e-05)	(10, 0.04334000354827668)	(15, 0.0051053250374748635)	(20, 0.03097984621719163)	(25, 0.03033072709621841)	(30, 0.009297060610849828)	(35, 0.04998810337859995)	(40, 0.002471756729626538)	(45, 0.02744759858832311)	(50, 0.0028969638826704495)	(55, 0.014572093252079707)	(60, 0.0025297837263131137)	(65, 0.01804868493087158)	(70, 0.010108437103241613)	(75, 0.0006387404779236267)	(80, 0.004203985709603702)	(85, 0.0026154303128768487)	(90, 0.018164062233900553)	(95, 0.018947645749342476)	(100, 0.023049108638634637)	(105, 0.071555867491798)	(110, 0.010423071379756833)	(115, 0.04955793023128991)	(120, 0.0005976211468070495)	(125, 0.014621073823151866)	(130, 0.018280703573401464)	(135, 0.02112167170128079)	(140, 0.02653512533654752)	(145, 0.012295751127722054)
mehreen_1003_MERGE_1_val_1	(1, 0.1561330517639667)	(2, 0.0008513898940019581)	(3, 0.04920099573101611)	(4, 0.10359295516174881)	(5, 0.00036821714824979206)	(6, 0.03337484308111895)	(7, 0.0)	(8, 0.08128438452144435)	(9, 0.0)	(10, 0.12159428325813622)	(15, 0.048051439755992374)	(20, 0.037228769666923775)	(25, 0.07503595711073831)	(30, 0.08296887716946237)	(35, 0.04628222668091235)	(40, 0.03568106134639366)	(45, 0.053345639503268816)	(50, 0.07970164055435792)	(55, 0.05725005139968118)	(60, 0.003555733095309918)	(65, 0.0017573216848207995)	(70, 0.018542915722198842)	(75, 0.009418569452648335)	(80, 0.0009814746467822779)	(85, 0.03540292548981684)	(90, 0.021198192214556516)	(95, 0.02401851030289485)	(100, 0.0005962910805844725)	(105, 0.034590412523061616)	(110, 0.018463982762467197)	(115, 0.05289769316974478)	(120, 0.017612079162184192)	(125, 0.00022049706513566124)	(130, 0.008239447658687896)	(135, 0.048058988925613416)	(140, 0.009423883047205341)	(145, 0.05461952883860582)
mehreen_1003_MERGE_2_val_2	(1, 0.0008729440685336534)	(2, 0.00010238232902555194)	(3, 0.00012214032234627247)	(4, 0.001833901016405062)	(5, 0.15922787199047592)	(6, 0.0007454152025544571)	(7, 0.003195406374323805)	(8, 0.0003754018730936904)	(9, 8.082815449385679e-05)	(10, 0.04311661149696077)	(15, 0.005026074264549113)	(20, 0.03070217596642317)	(25, 0.029752695123613615)	(30, 0.008861096455685584)	(35, 0.04976036580696177)	(40, 0.0024274618736475928)	(45, 0.026857334626977546)	(50, 0.0026880551959146525)	(55, 0.014441424786793703)	(60, 0.0023499416423199563)	(65, 0.017745116526870976)	(70, 0.010267593731746278)	(75, 0.0005617877197437787)	(80, 0.003856657064759259)	(85, 0.0024078007778721034)	(90, 0.01831531543197335)	(95, 0.01858025494551847)	(100, 0.022386459850166872)	(105, 0.06877815335848188)	(110, 0.010272048168759821)	(115, 0.04805270894921128)	(120, 0.0005194854854813153)	(125, 0.014567442208850718)	(130, 0.017371874973501646)	(135, 0.020854681468263248)	(140, 0.025754048053083362)	(145, 0.011558848340157066)
mehreen_1004_MERGE_1_val_1	(1, 0.15712820142385492)	(2, 0.0008375052654872062)	(3, 0.05044806022802797)	(4, 0.10402367918185972)	(5, 0.0003896725888030752)	(6, 0.03361798479744739)	(7, 0.0)	(8, 0.07941614599938493)	(9, 2.9080043940527994e-06)	(10, 0.1228154943766683)	(15, 0.04796404287462806)	(20, 0.03753353328670025)	(25, 0.07379406502468988)	(30, 0.083666759149049)	(35, 0.04518862487449883)	(40, 0.03570341529059134)	(45, 0.053389938325077345)	(50, 0.07842770353280827)	(55, 0.05786635684431067)	(60, 0.0036508093089897054)	(65, 0.001772582015230419)	(70, 0.01823120777706883)	(75, 0.009383055755893975)	(80, 0.0010277021259448402)	(85, 0.03551699609470711)	(90, 0.02218336973360772)	(95, 0.02460034360734145)	(100, 0.0006258217032212252)	(105, 0.034368354804792674)	(110, 0.01878921370739335)	(115, 0.05168769556640546)	(120, 0.017881277704101778)	(125, 0.0002532198897676345)	(130, 0.008215564582480982)	(135, 0.04760222012208629)	(140, 0.009698325958287886)	(145, 0.055709876086529414)
mehreen_1004_MERGE_2_val_2	(1, 0.0009218373929147374)	(2, 9.451014280671598e-05)	(3, 0.0001366762065204816)	(4, 0.001986167001138062)	(5, 0.15967997527963623)	(6, 0.000782253182000203)	(7, 0.003098478681863258)	(8, 0.00041148262175847117)	(9, 9.451014280671598e-05)	(10, 0.042914293244355375)	(15, 0.005050331231151497)	(20, 0.03146783907885713)	(25, 0.029723534267126997)	(30, 0.009113216959093133)	(35, 0.04895698402538353)	(40, 0.002491229277423955)	(45, 0.02746239335227425)	(50, 0.002792732380607298)	(55, 0.014627960148702214)	(60, 0.002403829321103952)	(65, 0.018382980597468495)	(70, 0.009914773978720903)	(75, 0.0005931055354597295)	(80, 0.00395792256951533)	(85, 0.002448993297859073)	(90, 0.018343386478660097)	(95, 0.019029731561319208)	(100, 0.02261120045711624)	(105, 0.06889207140280498)	(110, 0.010432635491844679)	(115, 0.04836027491502703)	(120, 0.0005483452429386901)	(125, 0.014907819917637892)	(130, 0.017898610831154793)	(135, 0.02108828071643424)	(140, 0.025793185176615916)	(145, 0.012145823295601333)
mehreen_1005_MERGE_1_val_1	(1, 0.1628555775214966)	(2, 0.001205483578424004)	(3, 0.051234511506238596)	(4, 0.11050022898350298)	(5, 0.0004626371602426262)	(6, 0.0353676622754568)	(7, 0.0)	(8, 0.08497637631636326)	(9, 2.918846436861995e-06)	(10, 0.12789684563184414)	(15, 0.051836377641519535)	(20, 0.038640148400587715)	(25, 0.0761274338743611)	(30, 0.08462169135417587)	(35, 0.04807345959918774)	(40, 0.03568405753134751)	(45, 0.05358050691394312)	(50, 0.08309526112736768)	(55, 0.05875551264743775)	(60, 0.0038108770103940314)	(65, 0.0018938176193569348)	(70, 0.019330510135145775)	(75, 0.009418962680022513)	(80, 0.0010127478585615012)	(85, 0.03574308172444843)	(90, 0.020855225716688307)	(95, 0.023751312389274314)	(100, 0.0006574731983910735)	(105, 0.03461624558624439)	(110, 0.018537500383822746)	(115, 0.05425960840745414)	(120, 0.01754271797051665)	(125, 0.00023838358892041265)	(130, 0.008250859523189418)	(135, 0.05064691615843385)	(140, 0.009167815238935784)	(145, 0.054005803567825035)
mehreen_1005_MERGE_2_val_2	(1, 0.0009281931669221143)	(2, 0.0001240509735666348)	(3, 0.00012113212712977279)	(4, 0.0018709805660285387)	(5, 0.1618821422348031)	(6, 0.0009792729795671993)	(7, 0.0036266666978010285)	(8, 0.0004042602315053863)	(9, 0.0001152944342560488)	(10, 0.04320213799663807)	(15, 0.00499210306096507)	(20, 0.03018224777650328)	(25, 0.02987581896739728)	(30, 0.009035189501843092)	(35, 0.050776554727678995)	(40, 0.0024821474478791726)	(45, 0.026610109196767238)	(50, 0.0028772002025820014)	(55, 0.014352964227645686)	(60, 0.002504046248253541)	(65, 0.0175551019043143)	(70, 0.011157645723038356)	(75, 0.0006020677876269686)	(80, 0.004173838418525788)	(85, 0.002592515370688912)	(90, 0.01856101419496821)	(95, 0.01845463178705071)	(100, 0.022832749665832913)	(105, 0.07145580124965832)	(110, 0.010245666869598562)	(115, 0.04839000689413429)	(120, 0.0005869809945592304)	(125, 0.014348083138460258)	(130, 0.01618887200445006)	(135, 0.020531407857534816)	(140, 0.026180896779775448)	(145, 0.01086655002302961)
mehreen_1006_MERGE_1_val_1	(1, 0.16914704621871132)	(2, 0.0010790756327604411)	(3, 0.05297950831491821)	(4, 0.11361993608016564)	(5, 0.00041015224890294947)	(6, 0.03625383600713137)	(7, 0.0)	(8, 0.08641920822941893)	(9, 2.5877113495454225e-06)	(10, 0.13304226238531378)	(15, 0.05156403020671686)	(20, 0.040078588784823156)	(25, 0.07450378764820587)	(30, 0.08580891408933816)	(35, 0.045278180869407)	(40, 0.03565269360277984)	(45, 0.054466116229999126)	(50, 0.07805142324639042)	(55, 0.05805828352730697)	(60, 0.003927602131646268)	(65, 0.0019118169061671053)	(70, 0.018257009972560637)	(75, 0.009331136647240636)	(80, 0.0010655336511241217)	(85, 0.036045961898109595)	(90, 0.021934272936109146)	(95, 0.025433577682686625)	(100, 0.0006634557449667504)	(105, 0.035102945824418176)	(110, 0.01941551055167597)	(115, 0.05179336403346435)	(120, 0.017984545466464354)	(125, 0.00028658352517576364)	(130, 0.008824465718203065)	(135, 0.046794483289009994)	(140, 0.00982517575884322)	(145, 0.058439591578155314)
mehreen_1006_MERGE_2_val_2	(1, 0.0009897995912011243)	(2, 0.00012938556747727113)	(3, 0.00012162243342863487)	(4, 0.0020028885845481573)	(5, 0.16419675440703094)	(6, 0.0009380453642102156)	(7, 0.003490822610536775)	(8, 0.00044896791914613083)	(9, 0.0001022145983070442)	(10, 0.043247125929277874)	(15, 0.00507657212553821)	(20, 0.03134186632476751)	(25, 0.030207397101446154)	(30, 0.009264929255521246)	(35, 0.05007732571543008)	(40, 0.0025638390700929293)	(45, 0.02794848614556744)	(50, 0.0029350175212115087)	(55, 0.014392571935385241)	(60, 0.0025466637336648505)	(65, 0.018409460635284137)	(70, 0.009795717445426249)	(75, 0.0006390191038298767)	(80, 0.004251874247072872)	(85, 0.0026711186212195607)	(90, 0.018254125989589597)	(95, 0.01879580083081254)	(100, 0.02311669489218757)	(105, 0.07246023187770065)	(110, 0.010975952676256428)	(115, 0.05041877992777565)	(120, 0.0006521320153299966)	(125, 0.014917484095017442)	(130, 0.018934771740525404)	(135, 0.02137024837095832)	(140, 0.027814264212141296)	(145, 0.013506285489793882)
mehreen_1007_MERGE_1_val_1	(1, 0.16367512076654278)	(2, 0.0010092600939265873)	(3, 0.052647672780555745)	(4, 0.11015075270299649)	(5, 0.00039769443280819996)	(6, 0.035493786245428725)	(7, 0.0)	(8, 0.08435717555646288)	(9, 1.7675308124808885e-06)	(10, 0.12902161866936745)	(15, 0.05099644549553611)	(20, 0.0388507915221246)	(25, 0.07533739636268426)	(30, 0.08509447641459932)	(35, 0.04653202501489628)	(40, 0.036130426894297685)	(45, 0.054085861680448453)	(50, 0.0806909200660343)	(55, 0.05872933980979851)	(60, 0.0038093128454986225)	(65, 0.0018067416380928426)	(70, 0.018735590231371065)	(75, 0.0094688608653973)	(80, 0.0010144920767686948)	(85, 0.035759568211279645)	(90, 0.021390733344793834)	(95, 0.02426045195315883)	(100, 0.0006203946199378558)	(105, 0.03461033661107883)	(110, 0.018805952459361404)	(115, 0.05326430490191881)	(120, 0.017822811413289417)	(125, 0.00022727099096254264)	(130, 0.00830715108800736)	(135, 0.04897830899977226)	(140, 0.009473003452596584)	(145, 0.053531929834253394)
mehreen_1007_MERGE_2_val_2	(1, 0.0009049757759902149)	(2, 0.00011135444118629598)	(3, 0.00014493752662343286)	(4, 0.001873582661229742)	(5, 0.16242017388968133)	(6, 0.0008236693586160941)	(7, 0.0032858397804019722)	(8, 0.00045072035718262657)	(9, 0.00010074925631141065)	(10, 0.04324122730269495)	(15, 0.0049572169166839)	(20, 0.03073379018936022)	(25, 0.030009944663414858)	(30, 0.009283571469631371)	(35, 0.05043492495846117)	(40, 0.002467341205206136)	(45, 0.026915273951804878)	(50, 0.0028380557051698)	(55, 0.014568986257578227)	(60, 0.002385643355360906)	(65, 0.01786426561744597)	(70, 0.010364755925223108)	(75, 0.00056185327673987)	(80, 0.004038994345793465)	(85, 0.0024395491900927723)	(90, 0.01844223645375908)	(95, 0.01866083837529495)	(100, 0.022910652572020827)	(105, 0.07109446646187968)	(110, 0.01032768727551236)	(115, 0.04941490745424111)	(120, 0.0005670248421183584)	(125, 0.014498781359516617)	(130, 0.017154982680510963)	(135, 0.020902243132950065)	(140, 0.02612809117517327)	(145, 0.011264943920314786)
mehreen_1009_MERGE_1_val_1	(1, 0.16584042962626896)	(2, 0.000995307653291397)	(3, 0.05203126871777357)	(4, 0.11083853076787795)	(5, 0.00041927812795501874)	(6, 0.03624143283521223)	(7, 0.0)	(8, 0.0841512867633003)	(9, 5.097606418906003e-06)	(10, 0.12968081337408022)	(15, 0.05089985497309738)	(20, 0.039344156759942794)	(25, 0.07487203849105775)	(30, 0.08514655282638528)	(35, 0.04572296903034638)	(40, 0.035688405452582256)	(45, 0.05395717308876019)	(50, 0.07889000585834109)	(55, 0.05864339032527483)	(60, 0.0038124987834144315)	(65, 0.001879284901187354)	(70, 0.01849780984355494)	(75, 0.009355950748321722)	(80, 0.0010727919645099953)	(85, 0.036025346186169094)	(90, 0.021842154060744717)	(95, 0.02486750472655199)	(100, 0.0006371299756405599)	(105, 0.03467221870139599)	(110, 0.01898783321638305)	(115, 0.05215941152339991)	(120, 0.017752871049925702)	(125, 0.00024686031455341793)	(130, 0.008410323099276903)	(135, 0.04778693524888664)	(140, 0.009597417596727612)	(145, 0.05530288735116756)
mehreen_1009_MERGE_2_val_2	(1, 0.000951977998730696)	(2, 0.00015165379096245357)	(3, 0.00011597054603011155)	(4, 0.0019791456921402556)	(5, 0.1613558103792364)	(6, 0.000867867492818747)	(7, 0.0034243171119001073)	(8, 0.0004281989391881042)	(9, 8.920811233085506e-05)	(10, 0.04331461662176525)	(15, 0.004982910274480617)	(20, 0.031084318557411086)	(25, 0.029893755743179793)	(30, 0.009349274572913556)	(35, 0.049891728297773365)	(40, 0.002532180619059754)	(45, 0.027420296329375746)	(50, 0.002883202044929817)	(55, 0.01450292583275569)	(60, 0.002471251671107886)	(65, 0.018363347759471228)	(70, 0.010157908972995303)	(75, 0.0006102661865292561)	(80, 0.004174952991583791)	(85, 0.0025086802237072846)	(90, 0.018185359069965604)	(95, 0.018737284682885002)	(100, 0.023008372438563306)	(105, 0.07131445668692755)	(110, 0.010456240964993433)	(115, 0.04964739894529108)	(120, 0.0005509997842993862)	(125, 0.014807422773296488)	(130, 0.018179813253424156)	(135, 0.02111824505971824)	(140, 0.026443491187699078)	(145, 0.01228120667008567)
mehreen_1011_MERGE_1_val_1	(1, 0.16119799562495235)	(2, 0.0009854847447332555)	(3, 0.05187894465685384)	(4, 0.10817624486351325)	(5, 0.0004022083822631209)	(6, 0.035122735668844114)	(7, 0.0)	(8, 0.08211432902388077)	(9, 4.452491316565914e-06)	(10, 0.12752795945632647)	(15, 0.04970969088742293)	(20, 0.038513593930497685)	(25, 0.07450175636417745)	(30, 0.08520361509331986)	(35, 0.045688731777162025)	(40, 0.03567384929644736)	(45, 0.05380163359010494)	(50, 0.07867165801182399)	(55, 0.05821226240721972)	(60, 0.0037886232523662708)	(65, 0.0017910010056877276)	(70, 0.01876161560333067)	(75, 0.009411637961809478)	(80, 0.0010268775686104949)	(85, 0.035904140568525)	(90, 0.022053708929813547)	(95, 0.02493484667142354)	(100, 0.000593763571519709)	(105, 0.03453208581592856)	(110, 0.019000152226738908)	(115, 0.05220322540954837)	(120, 0.018006938649098417)	(125, 0.000215560874621625)	(130, 0.008381942692449592)	(135, 0.04741280122515854)	(140, 0.009620661948991983)	(145, 0.056416129687679235)
mehreen_1011_MERGE_2_val_2	(1, 0.0008786249531356737)	(2, 9.498648142007283e-05)	(3, 0.00013654306704135468)	(4, 0.001968001161922134)	(5, 0.1625085122357949)	(6, 0.0007227877570558667)	(7, 0.003275549445220324)	(8, 0.00039627172717436636)	(9, 7.272402483724327e-05)	(10, 0.04331116403276327)	(15, 0.005006381236346714)	(20, 0.031280324922323015)	(25, 0.029886633774360235)	(30, 0.009195689992619896)	(35, 0.049511491977647974)	(40, 0.0024787688356074206)	(45, 0.027136817234522867)	(50, 0.0027809506491632136)	(55, 0.014535566332310379)	(60, 0.002464904217834094)	(65, 0.01826493368311687)	(70, 0.009974235210720175)	(75, 0.0005858607926037392)	(80, 0.004047875273113084)	(85, 0.0024519632734603313)	(90, 0.01838690873412472)	(95, 0.018823321527266713)	(100, 0.022921789400439357)	(105, 0.07017584176355357)	(110, 0.010688176981046052)	(115, 0.04926046385701918)	(120, 0.0005760401721910794)	(125, 0.014860745774534551)	(130, 0.017967333471467707)	(135, 0.021292714383055703)	(140, 0.026252021123119987)	(145, 0.01222914626625826)
mehreen_1014_MERGE_1_val_1	(1, 0.15356430282074338)	(2, 0.0007562463153986357)	(3, 0.04730034727321047)	(4, 0.10155398449796735)	(5, 0.00034952560795735264)	(6, 0.03265567822915837)	(7, 0.0)	(8, 0.07847258435067453)	(9, 2.723576165901449e-06)	(10, 0.11893439501479523)	(15, 0.047003840614616)	(20, 0.037082777062170245)	(25, 0.07413903141029457)	(30, 0.08236001081602076)	(35, 0.04506461596130822)	(40, 0.03549742340558877)	(45, 0.052763038066793964)	(50, 0.0776042549024545)	(55, 0.05664634840856117)	(60, 0.0035689334625453035)	(65, 0.001768898627539247)	(70, 0.01847700691585507)	(75, 0.009439458913731604)	(80, 0.0009951588302463078)	(85, 0.035404895813173555)	(90, 0.021949991601097063)	(95, 0.024312219567321217)	(100, 0.0006229146581805341)	(105, 0.03444870927292311)	(110, 0.018546183694013396)	(115, 0.05171433339485489)	(120, 0.01781786532158186)	(125, 0.0002463844399356341)	(130, 0.008168651852402313)	(135, 0.046982696618135485)	(140, 0.009827406899764853)	(145, 0.05758504825274605)
mehreen_1014_MERGE_2_val_2	(1, 0.000939633777236)	(2, 0.00011529805768982802)	(3, 0.00011166662280195942)	(4, 0.0018774518370280656)	(5, 0.1590486773601469)	(6, 0.0008061785451068289)	(7, 0.002952356563837171)	(8, 0.0003540649015671884)	(9, 9.623302452851786e-05)	(10, 0.04306228118732342)	(15, 0.004988683677209487)	(20, 0.03119735397711193)	(25, 0.0299648444500422)	(30, 0.008905744184974126)	(35, 0.04894707447746439)	(40, 0.002435081908584234)	(45, 0.027607615511976203)	(50, 0.0027142948871796573)	(55, 0.01459325270691165)	(60, 0.0023520992313722042)	(65, 0.01824053049307458)	(70, 0.009669792694532955)	(75, 0.0005874638311961756)	(80, 0.0039009729979117423)	(85, 0.0024258464688521643)	(90, 0.018315830017627273)	(95, 0.018980149931620317)	(100, 0.02248684908806525)	(105, 0.06824329316002811)	(110, 0.010570990830857586)	(115, 0.04824877093364773)	(120, 0.0005611573018632232)	(125, 0.014691025861450909)	(130, 0.018260270870268352)	(135, 0.020936808988475823)	(140, 0.02640159652917673)	(145, 0.012581555280179386)
mehreen_1015_MERGE_1_val_1	(1, 0.1543781301882763)	(2, 0.0009095629619934002)	(3, 0.04909218081551954)	(4, 0.10155620302564775)	(5, 0.00036059596718081554)	(6, 0.033285160582533634)	(7, 0.0)	(8, 0.08012630761785353)	(9, 2.6910146804538475e-06)	(10, 0.12052758742137931)	(15, 0.047734563909230567)	(20, 0.036631459196084445)	(25, 0.07426695467943094)	(30, 0.08278273077782548)	(35, 0.04560428035372181)	(40, 0.035189363837492466)	(45, 0.0526779319971171)	(50, 0.07942961427530092)	(55, 0.05671113859928782)	(60, 0.003625916056562169)	(65, 0.0017864057574784615)	(70, 0.018664677535661096)	(75, 0.009255258642283234)	(80, 0.0010042297782848356)	(85, 0.03528588969042708)	(90, 0.02113062850147896)	(95, 0.02381651617695383)	(100, 0.000578399481470157)	(105, 0.0342088008217734)	(110, 0.018368123724013412)	(115, 0.0529935591418189)	(120, 0.017742446755190443)	(125, 0.00023588959580353442)	(130, 0.008152333038196772)	(135, 0.04874383369298916)	(140, 0.009407880901779976)	(145, 0.054756909700910496)
mehreen_1015_MERGE_2_val_2	(1, 0.0009216725280554427)	(2, 0.00011167710923883466)	(3, 0.00016953392486859236)	(4, 0.001831235490048843)	(5, 0.1573772660496421)	(6, 0.0008584336830647773)	(7, 0.0033395492184432243)	(8, 0.0004144162607898924)	(9, 9.822203583656543e-05)	(10, 0.04294321227068249)	(15, 0.00495550353405576)	(20, 0.030748033955314023)	(25, 0.02949463440435186)	(30, 0.008854708526182498)	(35, 0.049327512629690595)	(40, 0.002391039986636629)	(45, 0.027073422378144113)	(50, 0.002707604955918352)	(55, 0.01435222378231689)	(60, 0.0023636534808426173)	(65, 0.017621987936066)	(70, 0.010396513325531022)	(75, 0.000564633920596311)	(80, 0.003923819941335873)	(85, 0.00238220190139844)	(90, 0.01820507740083822)	(95, 0.01856719778179279)	(100, 0.022612259339963407)	(105, 0.06866182483528586)	(110, 0.010496926789593875)	(115, 0.04777252434886349)	(120, 0.000519366104987815)	(125, 0.014459581871737829)	(130, 0.017788888992679112)	(135, 0.02101452890673773)	(140, 0.02621727918626588)	(145, 0.011975050907586242)
mehreen_1016_MERGE_1_val_1	(1, 0.16256547485254458)	(2, 0.0009572000653727762)	(3, 0.051346803923439426)	(4, 0.10941793830612262)	(5, 0.00040082752737485)	(6, 0.035215988655105286)	(7, 0.0)	(8, 0.08211879185837133)	(9, 4.985417007149876e-06)	(10, 0.1278605911490123)	(15, 0.04979813398433839)	(20, 0.03884860440182367)	(25, 0.07463486535116565)	(30, 0.08491748190873454)	(35, 0.045071887638947976)	(40, 0.03563861672119195)	(45, 0.05380780853387827)	(50, 0.07859465366598596)	(55, 0.058252806946620224)	(60, 0.003823222905567641)	(65, 0.0018299560019060352)	(70, 0.018782965501692256)	(75, 0.009443415806283667)	(80, 0.0010380879332707125)	(85, 0.035805831566713256)	(90, 0.022028119102298196)	(95, 0.024893254850542678)	(100, 0.0006320885140635752)	(105, 0.03466589910629826)	(110, 0.01891708425728769)	(115, 0.051567836462496595)	(120, 0.01806563343201696)	(125, 0.000241940840561537)	(130, 0.00848030505986668)	(135, 0.04761721442286154)	(140, 0.009677073096787744)	(145, 0.05662840223447085)
mehreen_1016_MERGE_2_val_2	(1, 0.0009851184006128154)	(2, 0.00011267042436158719)	(3, 0.00013959167620019653)	(4, 0.0019851930522470805)	(5, 0.16276987694983772)	(6, 0.0008076375551582797)	(7, 0.003311313976148948)	(8, 0.0004427050302349089)	(9, 9.871125674156755e-05)	(10, 0.043339825376596156)	(15, 0.005055811095290832)	(20, 0.031296056218022464)	(25, 0.0298768830705025)	(30, 0.009276293207878069)	(35, 0.04934598818407685)	(40, 0.0024724514409207726)	(45, 0.02757272733905014)	(50, 0.002825853753822452)	(55, 0.014588098822036516)	(60, 0.0024653752672292883)	(65, 0.018218776734032573)	(70, 0.009950798504650098)	(75, 0.0006020273011294128)	(80, 0.0039912798871618105)	(85, 0.0024237559099143176)	(90, 0.01840324474248841)	(95, 0.018952188777448458)	(100, 0.022951019258610664)	(105, 0.07057254480535188)	(110, 0.010560793401100423)	(115, 0.04974881084334274)	(120, 0.0005961903075514266)	(125, 0.014859006274616681)	(130, 0.01843900052538095)	(135, 0.021041987576317683)	(140, 0.026794195478808062)	(145, 0.012639692544649766)
mehreen_1018_MERGE_1_val_1	(1, 0.1655400876167438)	(2, 0.0011719226648965234)	(3, 0.051750683102326216)	(4, 0.11114238561386626)	(5, 0.00047357802604649867)	(6, 0.035376174003062845)	(7, 0.0)	(8, 0.08395817057791238)	(9, 4.181704424251644e-06)	(10, 0.12944821490147027)	(15, 0.05098313125525484)	(20, 0.039288517875133926)	(25, 0.07499902354450502)	(30, 0.0847208062546229)	(35, 0.046144668408218674)	(40, 0.03597571291864753)	(45, 0.0539352700084847)	(50, 0.07941646395194646)	(55, 0.05866825551159605)	(60, 0.003792726905326703)	(65, 0.001906599408350409)	(70, 0.01873366737044955)	(75, 0.009459025637310084)	(80, 0.0010433136712446678)	(85, 0.035790519748295835)	(90, 0.0218646249341402)	(95, 0.02481783931491086)	(100, 0.0006544412733714034)	(105, 0.03468138247253101)	(110, 0.01905997435244953)	(115, 0.05245245072293657)	(120, 0.017644628041409434)	(125, 0.0002554393871952337)	(130, 0.008484314513477732)	(135, 0.048037278648157156)	(140, 0.009591791494744486)	(145, 0.054775388450543416)
mehreen_1018_MERGE_2_val_2	(1, 0.0009482014781990604)	(2, 0.0001306782632578639)	(3, 0.0001515867853791221)	(4, 0.0019873550276255938)	(5, 0.16234735628882765)	(6, 0.0009210203994414246)	(7, 0.0035544487606138974)	(8, 0.000469396321622247)	(9, 0.0001034971845002282)	(10, 0.04350038935849894)	(15, 0.0050588169272384265)	(20, 0.031087122482603848)	(25, 0.030064466687103893)	(30, 0.009309234074523475)	(35, 0.05015425074621204)	(40, 0.002578543743878339)	(45, 0.027356868553419778)	(50, 0.0030132797146323206)	(55, 0.014706181190078929)	(60, 0.0025285576987895157)	(65, 0.01807746214985667)	(70, 0.010240100685155946)	(75, 0.0006141964003827459)	(80, 0.0043537053681356325)	(85, 0.002647545254811408)	(90, 0.018288405780276247)	(95, 0.019065678867364877)	(100, 0.022734292769479334)	(105, 0.07162392655877566)	(110, 0.010426851153315866)	(115, 0.049518417821972735)	(120, 0.0005856352729303087)	(125, 0.014777941592636231)	(130, 0.01778363902887341)	(135, 0.021090007636822193)	(140, 0.026544895627408503)	(145, 0.011828504931193161)
mehreen_1020_MERGE_1_val_1	(1, 0.16646210179401816)	(2, 0.0010672366820624031)	(3, 0.05201856866663952)	(4, 0.10984491642927728)	(5, 0.00044477507796946233)	(6, 0.03540990733804116)	(7, 0.0)	(8, 0.0830243087125258)	(9, 2.2350506430626247e-06)	(10, 0.12945614479176598)	(15, 0.05020281352421545)	(20, 0.03935092090574427)	(25, 0.07439080694153372)	(30, 0.08454025774967729)	(35, 0.04467340283039234)	(40, 0.035618204682393004)	(45, 0.05392677996134386)	(50, 0.07742616339451756)	(55, 0.05779297998130996)	(60, 0.003804193646636936)	(65, 0.001888189774301413)	(70, 0.018323556113225475)	(75, 0.009260335548867345)	(80, 0.0010426704581168338)	(85, 0.035704449894359586)	(90, 0.02222639781577219)	(95, 0.025322003070569827)	(100, 0.0006427153163578518)	(105, 0.03470076198284552)	(110, 0.019121273757253997)	(115, 0.051380260404926964)	(120, 0.01805237658366141)	(125, 0.0002447433888834164)	(130, 0.008542128377188948)	(135, 0.046894704544309045)	(140, 0.009912077749112251)	(145, 0.05682223931377042)
mehreen_1020_MERGE_2_val_2	(1, 0.0009610717765169285)	(2, 8.716697507944236e-05)	(3, 0.00011398758279619386)	(4, 0.0019836074457180793)	(5, 0.16251388483304802)	(6, 0.0008616120229006418)	(7, 0.0032989347491604337)	(8, 0.00044924517925558756)	(9, 8.381439911484842e-05)	(10, 0.04332556269551176)	(15, 0.004993103136601904)	(20, 0.03163612159587766)	(25, 0.030091863352027688)	(30, 0.009243345115578646)	(35, 0.04947751129361949)	(40, 0.002526580731810733)	(45, 0.027777870466979805)	(50, 0.0028847449855851494)	(55, 0.014541504816689777)	(60, 0.002513931212202249)	(65, 0.018340417332576367)	(70, 0.009693329205220048)	(75, 0.0006062717327166948)	(80, 0.004150217702552886)	(85, 0.0025654813124993594)	(90, 0.018158006903200973)	(95, 0.019029483183464875)	(100, 0.023070650220439637)	(105, 0.07083398082966524)	(110, 0.010934414420797161)	(115, 0.04974460496056444)	(120, 0.0006031517946956599)	(125, 0.015053912877562053)	(130, 0.019029484539981857)	(135, 0.021168982634442498)	(140, 0.027043154444204104)	(145, 0.012800457003376436)
mehreen_1021_MERGE_1_val_1	(1, 0.16389876913348386)	(2, 0.0009935761971635168)	(3, 0.0510831254070536)	(4, 0.10882986577152717)	(5, 0.0004118866683391483)	(6, 0.03550371295753467)	(7, 0.0)	(8, 0.0851366301507145)	(9, 0.0)	(10, 0.1285361761208119)	(15, 0.05053677323027616)	(20, 0.038892399410684564)	(25, 0.07505758982406156)	(30, 0.08397847689442402)	(35, 0.04579171170248716)	(40, 0.03553156321072624)	(45, 0.053544781295219925)	(50, 0.07886775501113086)	(55, 0.05776458505240583)	(60, 0.0038510883283590382)	(65, 0.001889001128618277)	(70, 0.018550684269368626)	(75, 0.009327949776013833)	(80, 0.0010553722785730986)	(85, 0.035645239372388296)	(90, 0.02182887093442854)	(95, 0.024515999026795066)	(100, 0.0006525163461743229)	(105, 0.03458225769777478)	(110, 0.01889586015443487)	(115, 0.05258466554549842)	(120, 0.017760770486684306)	(125, 0.000261225064434943)	(130, 0.00854531343670028)	(135, 0.04754325193452809)	(140, 0.00955785701260749)	(145, 0.05524538321110973)
mehreen_1021_MERGE_2_val_2	(1, 0.0009121167167956071)	(2, 0.00010670044611571253)	(3, 0.00013423604511331576)	(4, 0.0019274919298322263)	(5, 0.16039027489453925)	(6, 0.0008754025847988028)	(7, 0.003328365528835291)	(8, 0.0004382749507118515)	(9, 9.752191311651146e-05)	(10, 0.04365838060067486)	(15, 0.004983943418566185)	(20, 0.03081996909548386)	(25, 0.03028173564969073)	(30, 0.00920909210508287)	(35, 0.05000513062953638)	(40, 0.0025613776413311623)	(45, 0.027387508597057162)	(50, 0.0028704325339262305)	(55, 0.014417875868050505)	(60, 0.00242694982736855)	(65, 0.018058863528206126)	(70, 0.01010166682418712)	(75, 0.0006286443624710075)	(80, 0.004166473057919388)	(85, 0.002544917768181359)	(90, 0.018184597065493382)	(95, 0.018748088018462453)	(100, 0.022856708039525487)	(105, 0.07061347963802789)	(110, 0.0105629191555301)	(115, 0.04917746404150188)	(120, 0.0005651713687797012)	(125, 0.014704192017018286)	(130, 0.01812211926408509)	(135, 0.021161460831684905)	(140, 0.02647564418918371)	(145, 0.012150763861668435)
mehreen_1023_MERGE_1_val_1	(1, 0.16028570671990805)	(2, 0.0008049625153743546)	(3, 0.050555572611925934)	(4, 0.1078060773639166)	(5, 0.0003362190994094103)	(6, 0.03543675683154876)	(7, 0.0)	(8, 0.08342160311769836)	(9, 6.1353850257191665e-06)	(10, 0.1275875403484393)	(15, 0.04952580958920923)	(20, 0.03813480456688885)	(25, 0.07435436087836332)	(30, 0.08358083718038076)	(35, 0.04497285319883991)	(40, 0.03517164497955549)	(45, 0.05347582470008324)	(50, 0.07816652685326356)	(55, 0.05738901184586401)	(60, 0.0038144080467141387)	(65, 0.0017971582423801581)	(70, 0.018936054632791258)	(75, 0.009308015079523634)	(80, 0.0010468894336998844)	(85, 0.0351953811036991)	(90, 0.021951968936920377)	(95, 0.02465087651002536)	(100, 0.0006092525743016729)	(105, 0.034407089975941746)	(110, 0.018701635331136876)	(115, 0.051863344254117094)	(120, 0.01802417884190427)	(125, 0.0002534031557867716)	(130, 0.00849834272696486)	(135, 0.04747970827978602)	(140, 0.009571325402860053)	(145, 0.05584066495094856)
mehreen_1023_MERGE_2_val_2	(1, 0.0009301243698990256)	(2, 0.00010062031442179433)	(3, 0.00011166400746808882)	(4, 0.0019081047429986607)	(5, 0.16113729816147787)	(6, 0.0007387003570965876)	(7, 0.0032345749855591443)	(8, 0.00038284802560487594)	(9, 0.00010307446843208199)	(10, 0.04327115267859008)	(15, 0.004963771901207834)	(20, 0.03129037125029231)	(25, 0.030085759962533508)	(30, 0.009029970503912918)	(35, 0.04901867964645696)	(40, 0.002512625701353458)	(45, 0.02738858655532503)	(50, 0.002763381471512177)	(55, 0.01443168023552591)	(60, 0.0023773130790791077)	(65, 0.01801981853074108)	(70, 0.010000921436101958)	(75, 0.000590287328270283)	(80, 0.003939689722945154)	(85, 0.002383978036632825)	(90, 0.018107958633884414)	(95, 0.0189107183066408)	(100, 0.022774685234692848)	(105, 0.06957044838414626)	(110, 0.010514217331786197)	(115, 0.048889772811674795)	(120, 0.0005317585568154628)	(125, 0.014751168475327694)	(130, 0.018241905399949927)	(135, 0.021052284309127284)	(140, 0.02624363403059959)	(145, 0.012462414674669166)
mehreen_1024_MERGE_1_val_1	(1, 0.16559612488375633)	(2, 0.0009500569264489499)	(3, 0.05272094379569053)	(4, 0.11086923810918373)	(5, 0.0004521789928415255)	(6, 0.03555497851957368)	(7, 0.0)	(8, 0.08413896557224598)	(9, 1.2026037043657594e-06)	(10, 0.13096378392617206)	(15, 0.05101709486734511)	(20, 0.03920714533512076)	(25, 0.07487901562047901)	(30, 0.08561569425378507)	(35, 0.045399888344127365)	(40, 0.03591297325261274)	(45, 0.05403212124667736)	(50, 0.07872027435741392)	(55, 0.05881302479863302)	(60, 0.003849216563545854)	(65, 0.001845546228641996)	(70, 0.018465336620895473)	(75, 0.0093764760299875)	(80, 0.0010568774054479566)	(85, 0.0359175657282856)	(90, 0.021920450910557603)	(95, 0.024922159711489936)	(100, 0.000615811779624385)	(105, 0.03462636275814903)	(110, 0.019108388696536506)	(115, 0.052077460599321404)	(120, 0.017721641488330775)	(125, 0.00023358378509732972)	(130, 0.008463795154981572)	(135, 0.04758704986484257)	(140, 0.009592077549759322)	(145, 0.056651372380576236)
mehreen_1024_MERGE_2_val_2	(1, 0.0009223970412485374)	(2, 0.00010703172968855257)	(3, 0.00014310984081952538)	(4, 0.0019313815492114092)	(5, 0.16367316156047546)	(6, 0.0008490382152822261)	(7, 0.00331798362034513)	(8, 0.00043293733357167337)	(9, 8.899267412306618e-05)	(10, 0.04300438690589693)	(15, 0.004999464119789335)	(20, 0.03135653326906505)	(25, 0.030034147592231754)	(30, 0.009296230904481168)	(35, 0.049998179223300764)	(40, 0.0025455220919525902)	(45, 0.027369454927509935)	(50, 0.0029037337311724437)	(55, 0.014474079458138061)	(60, 0.002493582659629653)	(65, 0.018252206097459308)	(70, 0.009932875539490524)	(75, 0.0005818986695390487)	(80, 0.00410778457770761)	(85, 0.0025094846111064118)	(90, 0.018243438940628062)	(95, 0.018848908588869357)	(100, 0.022855269367500097)	(105, 0.07161182964850692)	(110, 0.01056589344198234)	(115, 0.04982898388431764)	(120, 0.0005738981590011424)	(125, 0.014858181467356332)	(130, 0.018109073379043567)	(135, 0.021226396355953466)	(140, 0.026660329711130144)	(145, 0.012244936436921238)
mehreen_1025_MERGE_1_val_1	(1, 0.1611125737293204)	(2, 0.0010032628811861705)	(3, 0.04942287241882163)	(4, 0.10615105707929014)	(5, 0.000343349675357403)	(6, 0.0342631319653641)	(7, 0.0)	(8, 0.08213849574099688)	(9, 3.6526561208234357e-06)	(10, 0.1249997367043713)	(15, 0.04885744125131817)	(20, 0.038104824594472904)	(25, 0.07414510916969966)	(30, 0.08287137215983033)	(35, 0.04514711926394406)	(40, 0.03515562498075294)	(45, 0.05304538423988561)	(50, 0.07780086986682254)	(55, 0.057067813454582034)	(60, 0.0037002763287546955)	(65, 0.0018241501822694182)	(70, 0.018527411718176387)	(75, 0.00926521283989493)	(80, 0.0010343661201988859)	(85, 0.03554185330006433)	(90, 0.02186277666589686)	(95, 0.024729529868417567)	(100, 0.0006090223161845318)	(105, 0.03437080446345364)	(110, 0.01859718128357491)	(115, 0.05212527703399165)	(120, 0.017834574242240588)	(125, 0.00024822790300230445)	(130, 0.008330128204247046)	(135, 0.047404271647099996)	(140, 0.0096952106906782)	(145, 0.055390799464800695)
mehreen_1025_MERGE_2_val_2	(1, 0.0008875954373600949)	(2, 9.009885098031141e-05)	(3, 0.00011444989178580098)	(4, 0.0018762476940629715)	(5, 0.15974161013197133)	(6, 0.0008169774190241751)	(7, 0.0033080888934257585)	(8, 0.0004066623814516758)	(9, 9.131640302058589e-05)	(10, 0.04337626547641052)	(15, 0.004978326782274288)	(20, 0.031132812510464732)	(25, 0.02991558228916125)	(30, 0.008973067602581599)	(35, 0.0493675685769387)	(40, 0.002534747237799463)	(45, 0.0278754039861611)	(50, 0.002809790685742564)	(55, 0.014270196824974489)	(60, 0.002390283592090314)	(65, 0.01812654377433587)	(70, 0.009945388163970772)	(75, 0.0006025356940433112)	(80, 0.004050116548082538)	(85, 0.0024544727218762585)	(90, 0.01817917289448186)	(95, 0.01879927179539851)	(100, 0.022636671971456756)	(105, 0.06976934404157131)	(110, 0.010552537549723835)	(115, 0.04874632743521655)	(120, 0.000565907492972496)	(125, 0.01475242821612635)	(130, 0.018343509783390426)	(135, 0.02109782273858447)	(140, 0.026246505401331447)	(145, 0.012524160579969258)
mehreen_1027_MERGE_1_val_1	(1, 0.16471406844047565)	(2, 0.0010625568956053745)	(3, 0.05174579469509635)	(4, 0.10895524565218177)	(5, 0.0004518085509028168)	(6, 0.035128114832694006)	(7, 0.0)	(8, 0.08214524896200212)	(9, 2.42040295126509e-06)	(10, 0.12857115933041455)	(15, 0.049873693692391176)	(20, 0.038767121213288944)	(25, 0.0735743161282882)	(30, 0.08437865548011875)	(35, 0.0445505391474631)	(40, 0.03542359886663033)	(45, 0.05365884671376725)	(50, 0.07764488300584738)	(55, 0.057448567098926144)	(60, 0.003765790739772254)	(65, 0.0018493805626599582)	(70, 0.018626636608996834)	(75, 0.009200637281250836)	(80, 0.0010445911126920218)	(85, 0.03561342025648863)	(90, 0.021964983704460338)	(95, 0.025230969975301668)	(100, 0.0006173043246748903)	(105, 0.034332193232407895)	(110, 0.01876421691256303)	(115, 0.051274830083481555)	(120, 0.017823204387072463)	(125, 0.00023541367575473046)	(130, 0.008595554569113702)	(135, 0.0472355828385751)	(140, 0.009746094328460329)	(145, 0.056595831551528857)
mehreen_1027_MERGE_2_val_2	(1, 0.0010197964434663577)	(2, 0.00012182694854700953)	(3, 0.00013392896330333495)	(4, 0.0020161956584038195)	(5, 0.1615288181566108)	(6, 0.0008406866250727412)	(7, 0.003340156072745824)	(8, 0.0004639105656591422)	(9, 7.987329739174797e-05)	(10, 0.04307607268386155)	(15, 0.00502039980151405)	(20, 0.03131680884051498)	(25, 0.029702879790726763)	(30, 0.009208145368350691)	(35, 0.049399806050736655)	(40, 0.002495156541260979)	(45, 0.027601822794140196)	(50, 0.002868989044692798)	(55, 0.014304452727901207)	(60, 0.002490379943965955)	(65, 0.018104261436682176)	(70, 0.009979726276099247)	(75, 0.0005847713272283241)	(80, 0.004185756063792353)	(85, 0.002534441654153248)	(90, 0.018106173899728323)	(95, 0.01871408140127018)	(100, 0.022887936264740463)	(105, 0.07039152429321978)	(110, 0.01050245840594862)	(115, 0.04940082035830251)	(120, 0.0005752881501176179)	(125, 0.014912677732091794)	(130, 0.018605532447161306)	(135, 0.021320828630632522)	(140, 0.02690222871995599)	(145, 0.012797491060455003)
mehreen_1028_MERGE_1_val_1	(1, 0.15046286997011307)	(2, 0.0007803371229779515)	(3, 0.050193595859935845)	(4, 0.10545880499172988)	(5, 0.00033872411412228117)	(6, 0.03447818423065841)	(7, 0.0)	(8, 0.08208915322728648)	(9, 1.1560549970043723e-06)	(10, 0.12458897187115883)	(15, 0.04840494756857068)	(20, 0.03782896350096729)	(25, 0.07437852004753379)	(30, 0.08258798729108005)	(35, 0.045618480969053854)	(40, 0.03535511926044204)	(45, 0.05335172261008243)	(50, 0.07862228819410384)	(55, 0.05600714585467258)	(60, 0.0034660305731907745)	(65, 0.0016464442639397558)	(70, 0.0181497559138962)	(75, 0.009301403092145074)	(80, 0.0009109561591585189)	(85, 0.035375639259681006)	(90, 0.021669862192833546)	(95, 0.024349927411207128)	(100, 0.0005342347141014925)	(105, 0.03415315307979383)	(110, 0.01802828588391698)	(115, 0.05218412694210006)	(120, 0.01774399984239698)	(125, 0.00021268591126947497)	(130, 0.008274199181093216)	(135, 0.047995857706827454)	(140, 0.009550602163921883)	(145, 0.05535867091834482)
mehreen_1028_MERGE_2_val_2	(1, 0.0008566367527802401)	(2, 0.00010288889473338915)	(3, 0.00010751311472140665)	(4, 0.0017132735055604802)	(5, 0.16034367202950947)	(6, 0.0006369863033494093)	(7, 0.0028358029076517256)	(8, 0.0003595331040683598)	(9, 8.439201478131918e-05)	(10, 0.04295507310169267)	(15, 0.004931036984222451)	(20, 0.030398446773949917)	(25, 0.02975144304378658)	(30, 0.008508745085596564)	(35, 0.049275152537341896)	(40, 0.0022736637738355677)	(45, 0.026901960541996166)	(50, 0.0025039618335525814)	(55, 0.014348825141653117)	(60, 0.002199419573481114)	(65, 0.017953590207362417)	(70, 0.010030254304583576)	(75, 0.0005065978373857602)	(80, 0.003606721331361357)	(85, 0.002272679763249196)	(90, 0.01807432124664824)	(95, 0.018627303291242413)	(100, 0.022348927677460398)	(105, 0.06840170492575327)	(110, 0.010270171939863926)	(115, 0.04838420919472319)	(120, 0.0004819814558318207)	(125, 0.014515498802857553)	(130, 0.01760333635945419)	(135, 0.02082088544690794)	(140, 0.02539987696139931)	(145, 0.011892589073081)
mehreen_1029_MERGE_1_val_1	(1, 0.16363107745860683)	(2, 0.001131850913674255)	(3, 0.051637333548503056)	(4, 0.11000485945103161)	(5, 0.0004023099618066188)	(6, 0.035085961739529346)	(7, 0.0)	(8, 0.08403036839579867)	(9, 2.8331687451170335e-06)	(10, 0.12823318384024013)	(15, 0.05089334343603532)	(20, 0.03865264802386722)	(25, 0.07574409155622305)	(30, 0.08550616812518555)	(35, 0.046853535285914946)	(40, 0.035896208818158304)	(45, 0.05384964877778324)	(50, 0.08138707219338792)	(55, 0.05884022483774296)	(60, 0.003847949649660015)	(65, 0.0018569334242871179)	(70, 0.018543283992641352)	(75, 0.009391811118413853)	(80, 0.001048266465623199)	(85, 0.03591284233166576)	(90, 0.02143829909327274)	(95, 0.024318212498849218)	(100, 0.0006384134630774021)	(105, 0.034518718538787116)	(110, 0.018776202135163577)	(115, 0.05332999157212138)	(120, 0.017652499804973725)	(125, 0.00024570326802537853)	(130, 0.00835243811200718)	(135, 0.0487577841304827)	(140, 0.009305591064156246)	(145, 0.05456012578831554)
mehreen_1029_MERGE_2_val_2	(1, 0.0009122803359276848)	(2, 0.000126076009157708)	(3, 0.00014024185288329317)	(4, 0.0019591361872484288)	(5, 0.16202750394887058)	(6, 0.0009774432170653767)	(7, 0.0033983859097678815)	(8, 0.0004589733367089595)	(9, 0.00010199407482421322)	(10, 0.04346024191634627)	(15, 0.005009325658241428)	(20, 0.03062478523221047)	(25, 0.03016890438582563)	(30, 0.009229943281992854)	(35, 0.05035191824873402)	(40, 0.002495869126654461)	(45, 0.026973766227296355)	(50, 0.002892097763756607)	(55, 0.014750075352076664)	(60, 0.002502729272672392)	(65, 0.018028491297222365)	(70, 0.01057631941234149)	(75, 0.0006147819234080242)	(80, 0.004192376893391105)	(85, 0.0025733456546198513)	(90, 0.018457554995835974)	(95, 0.01885689283756322)	(100, 0.022673707550409705)	(105, 0.07119533628815859)	(110, 0.010231856549052338)	(115, 0.04920699958651948)	(120, 0.000550696041019689)	(125, 0.014523438380495727)	(130, 0.017178198225562494)	(135, 0.0210371992910535)	(140, 0.026080200405915587)	(145, 0.011316027946911148)
mehreen_1030_MERGE_1_val_1	(1, 0.1536800782526657)	(2, 0.0008908309921510022)	(3, 0.04788641365982281)	(4, 0.10087265269977984)	(5, 0.00037380919016690556)	(6, 0.03273500479604473)	(7, 0.0)	(8, 0.07916016434885147)	(9, 4.85466480736241e-06)	(10, 0.11911195202536089)	(15, 0.0475250647759948)	(20, 0.03648387618372926)	(25, 0.07462888337373912)	(30, 0.08232076222568621)	(35, 0.046221794678257024)	(40, 0.035338555959899376)	(45, 0.052716570369730195)	(50, 0.08036271263214606)	(55, 0.05728238730529855)	(60, 0.0036246402295666558)	(65, 0.00180091596724788)	(70, 0.0188977700846065)	(75, 0.00933139924334222)	(80, 0.001002356346878193)	(85, 0.035222051038308805)	(90, 0.021178148815623177)	(95, 0.023714148849769495)	(100, 0.0006082831393513553)	(105, 0.034196220386928294)	(110, 0.01816884339821647)	(115, 0.05264375095827041)	(120, 0.01750432380585991)	(125, 0.00022572123594350864)	(130, 0.00802888243890402)	(135, 0.0490230620832712)	(140, 0.009296649191360959)	(145, 0.05418263590770882)
mehreen_1030_MERGE_2_val_2	(1, 0.000876266997728915)	(2, 0.00011165729056933542)	(3, 0.00013593061460614748)	(4, 0.001897364828877475)	(5, 0.15729680353415068)	(6, 0.000829338571257745)	(7, 0.003175759894816243)	(8, 0.00040293717901107996)	(9, 0.00010356618255706474)	(10, 0.04322480268963318)	(15, 0.00494884530462524)	(20, 0.030475379059700734)	(25, 0.029711324289029725)	(30, 0.008802572713858713)	(35, 0.049299625765987246)	(40, 0.002449408810616875)	(45, 0.026807948698435266)	(50, 0.0027530494594771417)	(55, 0.014574937016260066)	(60, 0.0023976591012301704)	(65, 0.01779133163371208)	(70, 0.010532773892204002)	(75, 0.0005842526283232787)	(80, 0.003871175802439454)	(85, 0.0023650476484800708)	(90, 0.01840132298089715)	(95, 0.018653613011595592)	(100, 0.022274540006547855)	(105, 0.0682822622924382)	(110, 0.01014935373543434)	(115, 0.04757178336959257)	(120, 0.0005352634406971308)	(125, 0.014417669215457783)	(130, 0.01737643237540294)	(135, 0.020796865391121577)	(140, 0.025585882228532773)	(145, 0.011615784322411499)
mehreen_1031_MERGE_1_val_1	(1, 0.15476651180437212)	(2, 0.0008670638856560818)	(3, 0.048332223947468826)	(4, 0.1008153123432015)	(5, 0.0003425592486021857)	(6, 0.03283675083029523)	(7, 0.0)	(8, 0.07849500496541513)	(9, 0.0)	(10, 0.11932179341988354)	(15, 0.04666710994419007)	(20, 0.036678156204131125)	(25, 0.07328779475780905)	(30, 0.08190104741676757)	(35, 0.04456063916858687)	(40, 0.0351116682091892)	(45, 0.05262944603659644)	(50, 0.07780472616472794)	(55, 0.05647245634818319)	(60, 0.003576879853521546)	(65, 0.0017664546678966655)	(70, 0.018711193975839764)	(75, 0.009294134215210652)	(80, 0.0009881403071660651)	(85, 0.03494045969599782)	(90, 0.02187198503180046)	(95, 0.02430577919024308)	(100, 0.0006144444733419192)	(105, 0.033986233631497303)	(110, 0.018405445169403935)	(115, 0.05150863936712288)	(120, 0.01793514479337256)	(125, 0.00022701547168782902)	(130, 0.008192025182631296)	(135, 0.0473959092954858)	(140, 0.00967918245222026)	(145, 0.05588117513671996)
mehreen_1031_MERGE_2_val_2	(1, 0.0009160009211706798)	(2, 0.00010414804994132386)	(3, 0.00012046039511285652)	(4, 0.0019160731597638741)	(5, 0.15800639451459497)	(6, 0.0007742089977565883)	(7, 0.0030014715115620084)	(8, 0.0003927510798992093)	(9, 7.77973385103865e-05)	(10, 0.042785524670834754)	(15, 0.004957949095519987)	(20, 0.031162503156968592)	(25, 0.029610136832422845)	(30, 0.008827240633983489)	(35, 0.048504697206655775)	(40, 0.0024780983908285655)	(45, 0.027583072645800392)	(50, 0.0027288603581402645)	(55, 0.014453792817955337)	(60, 0.0023528093326153814)	(65, 0.01819192587075194)	(70, 0.00985564856223486)	(75, 0.0005749110881223716)	(80, 0.003928620922501465)	(85, 0.0023924878649651303)	(90, 0.018041538486500988)	(95, 0.01888118082389649)	(100, 0.022492777975835234)	(105, 0.06784872258764273)	(110, 0.010582615729683872)	(115, 0.04778014385608485)	(120, 0.0005675594894568981)	(125, 0.014587579880301902)	(130, 0.018290085035052268)	(135, 0.02115126844867381)	(140, 0.026061855085387418)	(145, 0.012454200894243005)
mehreen_1032_MERGE_1_val_1	(1, 0.1654068126098023)	(2, 0.000984476596099127)	(3, 0.05221015109243217)	(4, 0.10933247745871838)	(5, 0.0004661519366321904)	(6, 0.0354014608226291)	(7, 0.0)	(8, 0.08261777498807456)	(9, 4.5367585073692495e-06)	(10, 0.12880810121707847)	(15, 0.04997965377228408)	(20, 0.039131225498620394)	(25, 0.07376625867116701)	(30, 0.08450108086110511)	(35, 0.045169185684116174)	(40, 0.03547398265095581)	(45, 0.053487784537778006)	(50, 0.07843215313838622)	(55, 0.05776716653637494)	(60, 0.0038331131753054732)	(65, 0.0018781709987114726)	(70, 0.01854325444519939)	(75, 0.009296539153327923)	(80, 0.0010396346505371008)	(85, 0.03555115416653485)	(90, 0.02183776708683069)	(95, 0.02519557905215372)	(100, 0.0006351965890848308)	(105, 0.03444246833784637)	(110, 0.018844370895239274)	(115, 0.051133521845557355)	(120, 0.017918172460175238)	(125, 0.0002422028718336529)	(130, 0.008404701860852582)	(135, 0.048144131161745485)	(140, 0.00957376797955301)	(145, 0.055687571179747736)
mehreen_1032_MERGE_2_val_2	(1, 0.0008903388570712153)	(2, 0.00013043180708686593)	(3, 0.0001372369448479198)	(4, 0.001989368605481416)	(5, 0.1616537791345811)	(6, 0.0008926072363249)	(7, 0.0034263868626906255)	(8, 0.0004525416611100827)	(9, 0.0001100163938037043)	(10, 0.0433004110598097)	(15, 0.005034667753553024)	(20, 0.031212052277921155)	(25, 0.02986049934674241)	(30, 0.009211036569624834)	(35, 0.049374123156939224)	(40, 0.0025480033082817917)	(45, 0.0277547959427782)	(50, 0.0029466501162309427)	(55, 0.014351531807985752)	(60, 0.002574305993709275)	(65, 0.018252958442344445)	(70, 0.010135183866556539)	(75, 0.0006249276783559046)	(80, 0.0042375644791556935)	(85, 0.0026003354147630005)	(90, 0.01814653074051616)	(95, 0.01883876486235179)	(100, 0.022958867123686697)	(105, 0.07064777139387537)	(110, 0.010651380128448858)	(115, 0.049523950816116456)	(120, 0.0005816969398881564)	(125, 0.014813846828470235)	(130, 0.018686027619384354)	(135, 0.021309814224116246)	(140, 0.026712846606113883)	(145, 0.01254041451393342)
mehreen_1033_MERGE_1_val_1	(1, 0.1561438188045432)	(2, 0.0007832190770293675)	(3, 0.048844983885948316)	(4, 0.10296770967482749)	(5, 0.00034531355691002713)	(6, 0.03337994739556454)	(7, 0.0)	(8, 0.07953213912794319)	(9, 4.357268856908859e-06)	(10, 0.12188697105152575)	(15, 0.04767091779245422)	(20, 0.03737036557310593)	(25, 0.07413043627215543)	(30, 0.0823998930054264)	(35, 0.04481795765912576)	(40, 0.035402327698431345)	(45, 0.05317748356258181)	(50, 0.0775967701008355)	(55, 0.05705558144894834)	(60, 0.0036359867029964956)	(65, 0.0017711465240477552)	(70, 0.018504371757930477)	(75, 0.00937714449962538)	(80, 0.0010218558872165644)	(85, 0.03535723521079159)	(90, 0.02199492639925212)	(95, 0.02427970419142561)	(100, 0.0005729869198176275)	(105, 0.034282529056534394)	(110, 0.018459468164050072)	(115, 0.051880049224355115)	(120, 0.017876677439121667)	(125, 0.00024124240883103114)	(130, 0.008159009779559792)	(135, 0.047452101348327065)	(140, 0.0095696225856727)	(145, 0.054454706005916176)
mehreen_1033_MERGE_2_val_2	(1, 0.000932455535378496)	(2, 0.00011328899027963036)	(3, 0.0001176462591365392)	(4, 0.0018779828773277183)	(5, 0.15911438684774082)	(6, 0.00073528911960337)	(7, 0.0030849463506914723)	(8, 0.0003812610249795252)	(9, 8.932401156663162e-05)	(10, 0.043245239814491895)	(15, 0.004953561099976836)	(20, 0.03129608642558001)	(25, 0.029913989803598107)	(30, 0.008902289874652114)	(35, 0.0488817335447127)	(40, 0.002484573192068543)	(45, 0.027495705023036002)	(50, 0.002731235027756692)	(55, 0.014584568961800704)	(60, 0.0023144699689562477)	(65, 0.018047072196333027)	(70, 0.00978530986071407)	(75, 0.0005493633793284389)	(80, 0.0038627696318687334)	(85, 0.0023615551363282087)	(90, 0.01818298380457231)	(95, 0.019020272925378494)	(100, 0.02243192577937378)	(105, 0.06786009907858828)	(110, 0.010420476508588423)	(115, 0.04819978940179188)	(120, 0.0005433340140253409)	(125, 0.014745305128593405)	(130, 0.01820910535272046)	(135, 0.02121051654581557)	(140, 0.025639168445522158)	(145, 0.012327929772395656)
mehreen_1034_MERGE_1_val_1	(1, 0.16533360729981844)	(2, 0.0009465183767082677)	(3, 0.05232843040813009)	(4, 0.10966776989041788)	(5, 0.0004438679333105945)	(6, 0.03561020468213969)	(7, 0.0)	(8, 0.0832540289292485)	(9, 4.798572252006427e-06)	(10, 0.13008761425160603)	(15, 0.05041931843766933)	(20, 0.03893810962115717)	(25, 0.07444342777750507)	(30, 0.08477316947359682)	(35, 0.04497115438270772)	(40, 0.035661272374824936)	(45, 0.05388285497540498)	(50, 0.07800070263787899)	(55, 0.05804064793016454)	(60, 0.0037678374041438026)	(65, 0.001827290661689959)	(70, 0.018518470067646946)	(75, 0.0093537951025436)	(80, 0.0010298763302576549)	(85, 0.03579565690842771)	(90, 0.02204689779171784)	(95, 0.02521381204293065)	(100, 0.0006079243135571617)	(105, 0.03456440876789439)	(110, 0.018932563385816472)	(115, 0.05172004202521489)	(120, 0.018008481435459)	(125, 0.00023653207704575025)	(130, 0.008461044637036353)	(135, 0.04747502989357676)	(140, 0.00963339218126043)	(145, 0.05540186736872083)
mehreen_1034_MERGE_2_val_2	(1, 0.0009777090963463096)	(2, 0.0001427575244971912)	(3, 0.00013196073693017674)	(4, 0.0020070028444016882)	(5, 0.16199140172629595)	(6, 0.0007917644215810603)	(7, 0.0032114444796553015)	(8, 0.00043307114574358006)	(9, 8.157572828410927e-05)	(10, 0.0433025559307186)	(15, 0.005003951144392302)	(20, 0.03139658713838007)	(25, 0.029952765391399436)	(30, 0.009244492265683359)	(35, 0.049795823381811974)	(40, 0.0024820300733437114)	(45, 0.027520863896776392)	(50, 0.0028088060783773914)	(55, 0.014520945778670894)	(60, 0.002421741111710924)	(65, 0.018229583616656435)	(70, 0.0099653045491965)	(75, 0.0005767674544783808)	(80, 0.004019055938480677)	(85, 0.002494178538015189)	(90, 0.018118740061289107)	(95, 0.018935204204696385)	(100, 0.022940293744242075)	(105, 0.0710788154131684)	(110, 0.010492329345008815)	(115, 0.04973181957278609)	(120, 0.000566991769701328)	(125, 0.0148391106611209)	(130, 0.01856439936258971)	(135, 0.021213775768952798)	(140, 0.026623904695780954)	(145, 0.012432247564494112)
mehreen_1035_MERGE_1_val_1	(1, 0.16470934609970186)	(2, 0.001042770505500113)	(3, 0.05225950969829573)	(4, 0.11002899570300201)	(5, 0.0004424573194608215)	(6, 0.03556481151686905)	(7, 0.0)	(8, 0.08486769235647607)	(9, 8.065628219337892e-06)	(10, 0.12983518280492867)	(15, 0.050616886899797424)	(20, 0.0389419593203664)	(25, 0.07483889449971254)	(30, 0.08455585660885691)	(35, 0.045852162526300456)	(40, 0.03547721897466728)	(45, 0.05372104916448567)	(50, 0.07938795226566646)	(55, 0.05851572347346895)	(60, 0.0037800859600540236)	(65, 0.001905915490173344)	(70, 0.01885934374512608)	(75, 0.009382730032856966)	(80, 0.0010510461297901087)	(85, 0.035660147870445816)	(90, 0.021486447089874242)	(95, 0.024716895667580015)	(100, 0.0006567988105598938)	(105, 0.034696822376418565)	(110, 0.018714236887452315)	(115, 0.05241273681810927)	(120, 0.017942422942965674)	(125, 0.0002506689971151974)	(130, 0.008432374100919054)	(135, 0.04841418042994738)	(140, 0.009421931263561924)	(145, 0.05447356043463884)
mehreen_1035_MERGE_2_val_2	(1, 0.0009724843167315974)	(2, 0.00012789781890664372)	(3, 0.0001255933537011186)	(4, 0.002034842776478674)	(5, 0.1617723051952601)	(6, 0.000864174452071917)	(7, 0.003323038826367211)	(8, 0.0004148037369945202)	(9, 8.872191041271682e-05)	(10, 0.043328324347762605)	(15, 0.005056457553963201)	(20, 0.030804254736074364)	(25, 0.030027697466032982)	(30, 0.009272728687978134)	(35, 0.04995519796967559)	(40, 0.002532523993399714)	(45, 0.02735231530050783)	(50, 0.002841950805654049)	(55, 0.01451839323387912)	(60, 0.00252843638030856)	(65, 0.01797772105355146)	(70, 0.010376255389730114)	(75, 0.000605873764819535)	(80, 0.004145500225001317)	(85, 0.0025301850599518633)	(90, 0.018214676908817437)	(95, 0.018812478342627195)	(100, 0.02287955214092051)	(105, 0.07132463716840089)	(110, 0.010490053907886572)	(115, 0.04943279121744497)	(120, 0.0006063927403669185)	(125, 0.014624586230467206)	(130, 0.018157170659836328)	(135, 0.02107757054783717)	(140, 0.02662111055076847)	(145, 0.012183129026403483)
mehreen_1036_MERGE_1_val_1	(1, 0.15593624960159644)	(2, 0.0008665463106143344)	(3, 0.0488449385521004)	(4, 0.10411073706454362)	(5, 0.00034424442476459855)	(6, 0.034029478653689195)	(7, 0.0)	(8, 0.08064168455739475)	(9, 2.1582722555774207e-06)	(10, 0.12185000838758554)	(15, 0.04851968692318488)	(20, 0.03735489421647068)	(25, 0.07517324382862264)	(30, 0.08384680089829759)	(35, 0.04596691456326935)	(40, 0.03565371340402414)	(45, 0.05351502162430442)	(50, 0.07912916087591475)	(55, 0.05749959894192229)	(60, 0.003618387573026769)	(65, 0.0017464227631821887)	(70, 0.018644945845656496)	(75, 0.009475023194740482)	(80, 0.0010025991197206814)	(85, 0.03552419726742626)	(90, 0.021269118104824323)	(95, 0.024112186572157912)	(100, 0.0005781951798492896)	(105, 0.034526230000744104)	(110, 0.018533391628695207)	(115, 0.052716168445304565)	(120, 0.017825606846785105)	(125, 0.0002351433984871201)	(130, 0.008130629803144409)	(135, 0.04794231995410667)	(140, 0.009527944632958843)	(145, 0.055329070480205474)
mehreen_1036_MERGE_2_val_2	(1, 0.0008633089022309682)	(2, 0.00011223015729002588)	(3, 0.00011762583792896943)	(4, 0.0019100709461860174)	(5, 0.159186607618496)	(6, 0.0007705031952411391)	(7, 0.0030237394300639663)	(8, 0.0003960429588984567)	(9, 6.690643992290004e-05)	(10, 0.04327292706987616)	(15, 0.005004601706232923)	(20, 0.030963247317899685)	(25, 0.030047762204303833)	(30, 0.009025754767661334)	(35, 0.04980213829953545)	(40, 0.0024117969688886437)	(45, 0.02705309950467604)	(50, 0.0026221502226351228)	(55, 0.014598870509522716)	(60, 0.0023024403924913027)	(65, 0.017831289197369156)	(70, 0.0100458212317606)	(75, 0.0005586033192867202)	(80, 0.0038449393644230303)	(85, 0.002311077294509675)	(90, 0.018319768241838872)	(95, 0.018894020155044173)	(100, 0.0226795230179423)	(105, 0.0687687299257553)	(110, 0.010479839717413309)	(115, 0.04829731188253474)	(120, 0.0005239877132019808)	(125, 0.014628296009718047)	(130, 0.01750623480509069)	(135, 0.02088144387557766)	(140, 0.02607589088739523)	(145, 0.011786917778059687)
mehreen_1037_MERGE_1_val_1	(1, 0.16404130934521977)	(2, 0.0009296682411471726)	(3, 0.05079529073445737)	(4, 0.10797750779649329)	(5, 0.0003599093947442396)	(6, 0.035040169053780386)	(7, 0.0)	(8, 0.08375689510784187)	(9, 2.3446866107116586e-06)	(10, 0.12742996579360152)	(15, 0.049799033393565985)	(20, 0.0385028119210868)	(25, 0.0744996899446263)	(30, 0.08410733344399414)	(35, 0.04535173545610927)	(40, 0.03524510486456636)	(45, 0.05345831403493696)	(50, 0.07819629126743695)	(55, 0.05754152123862772)	(60, 0.0037806071053323033)	(65, 0.0018664689116814894)	(70, 0.018397502729219903)	(75, 0.009317479440619888)	(80, 0.001056044427142492)	(85, 0.03546660619526282)	(90, 0.02189742109868885)	(95, 0.02479489437659388)	(100, 0.0006373472291420225)	(105, 0.0342443052032132)	(110, 0.018651262210583334)	(115, 0.051960150761805976)	(120, 0.017836800718401376)	(125, 0.00024578274443943186)	(130, 0.008455074503159129)	(135, 0.04733698346317377)	(140, 0.009540017671863235)	(145, 0.055125648649691696)
mehreen_1037_MERGE_2_val_2	(1, 0.0009859407198042523)	(2, 0.00011840667384093877)	(3, 0.00013013010689449705)	(4, 0.002004707052158468)	(5, 0.16051372833940408)	(6, 0.0007409209689848841)	(7, 0.0031958078503999906)	(8, 0.0004161818734013194)	(9, 8.792574790168719e-05)	(10, 0.04364821700768609)	(15, 0.0049318138169709026)	(20, 0.030987596610856847)	(25, 0.03024890958443662)	(30, 0.009113924690746159)	(35, 0.049541123984800296)	(40, 0.0024926415400156696)	(45, 0.027427062565216674)	(50, 0.0027359971326617314)	(55, 0.01439032426293289)	(60, 0.0023881432763298493)	(65, 0.018172263493187138)	(70, 0.009969702628924163)	(75, 0.0005891399257977656)	(80, 0.004008494205035577)	(85, 0.002503710720633754)	(90, 0.018189280388418803)	(95, 0.018814604519842897)	(100, 0.02272457066041081)	(105, 0.07000981587594327)	(110, 0.010415813156878343)	(115, 0.049220603763917965)	(120, 0.0005497894139750892)	(125, 0.014789456728191288)	(130, 0.018155136198792818)	(135, 0.021243111978086277)	(140, 0.02613157775118975)	(145, 0.012204044030011903)
mehreen_1038_MERGE_1_val_1	(1, 0.16586284097740547)	(2, 0.001045588260862198)	(3, 0.0525184620403099)	(4, 0.11098402119163334)	(5, 0.0003897101298890806)	(6, 0.035697648779350034)	(7, 0.0)	(8, 0.08379571318656241)	(9, 7.030852858823618e-06)	(10, 0.12998781382450283)	(15, 0.05048051911880232)	(20, 0.03971346903251008)	(25, 0.07418172342486434)	(30, 0.08466130685480523)	(35, 0.04489235744124494)	(40, 0.03541480937114223)	(45, 0.05408904898629668)	(50, 0.07764371698057594)	(55, 0.058032124106152466)	(60, 0.0038058104518791523)	(65, 0.0018518851479416179)	(70, 0.018354511136231332)	(75, 0.009270993636071905)	(80, 0.00103125889815175)	(85, 0.035664575486632925)	(90, 0.021946316495686135)	(95, 0.025248512132651023)	(100, 0.000634036312291869)	(105, 0.034671525078050346)	(110, 0.019295214758546207)	(115, 0.05160560636056143)	(120, 0.017876492254905726)	(125, 0.00026159546506028904)	(130, 0.008528965563040173)	(135, 0.0468468743929656)	(140, 0.009764117649878262)	(145, 0.05694887521953412)
mehreen_1038_MERGE_2_val_2	(1, 0.0009381166528773227)	(2, 0.00012354212880504357)	(3, 0.00012655535145882513)	(4, 0.0020158459553798577)	(5, 0.16211840962630625)	(6, 0.0007924775579445479)	(7, 0.0032482540207765115)	(8, 0.0004359128772470644)	(9, 9.441430981848858e-05)	(10, 0.04328052402834643)	(15, 0.004961773303226954)	(20, 0.03137408457380062)	(25, 0.02997620986928497)	(30, 0.009239673819598476)	(35, 0.049402750261414614)	(40, 0.002479952403814876)	(45, 0.02780247416788196)	(50, 0.0028389462730596653)	(55, 0.014461124312833704)	(60, 0.0024596376771855795)	(65, 0.018287956606617257)	(70, 0.009810142830918868)	(75, 0.0006019398589553465)	(80, 0.00404635510898629)	(85, 0.0024914959241237678)	(90, 0.01815582655133701)	(95, 0.019016412569823234)	(100, 0.022820882025669256)	(105, 0.07131476795753748)	(110, 0.010894104082375244)	(115, 0.05011136694949344)	(120, 0.000622808511838133)	(125, 0.014737275560279886)	(130, 0.01902985530119428)	(135, 0.021229066600213623)	(140, 0.02678200873193969)	(145, 0.013072687753626437)
mehreen_1039_MERGE_1_val_1	(1, 0.1550150018521436)	(2, 0.0007402733988813549)	(3, 0.048679911476734464)	(4, 0.1011312750033911)	(5, 0.0003431247509607858)	(6, 0.03363790643674291)	(7, 0.0)	(8, 0.07875954124074785)	(9, 1.4601053232373864e-06)	(10, 0.12126437528444678)	(15, 0.04729222737752965)	(20, 0.03717343303645685)	(25, 0.07386383520747344)	(30, 0.08192996785027504)	(35, 0.044937971434503364)	(40, 0.035191826319585805)	(45, 0.05277393990127903)	(50, 0.07790664852051293)	(55, 0.056991573814654445)	(60, 0.0035934369352910037)	(65, 0.001769889854786383)	(70, 0.018873339796332628)	(75, 0.009383855142066841)	(80, 0.0009930915157328184)	(85, 0.03512907284825767)	(90, 0.022174128421735356)	(95, 0.02444458652560009)	(100, 0.0005953169505122815)	(105, 0.03420565445702461)	(110, 0.018738698284720474)	(115, 0.05171346560235838)	(120, 0.01777408426740102)	(125, 0.00023214349243915472)	(130, 0.008279329283824197)	(135, 0.04767272491133182)	(140, 0.009667187644744233)	(145, 0.054328335947491056)
mehreen_1039_MERGE_2_val_2	(1, 0.000963669513336675)	(2, 9.490684601043012e-05)	(3, 9.78270566569049e-05)	(4, 0.00192733902667335)	(5, 0.15874411084769188)	(6, 0.0006555872901335864)	(7, 0.0028136229578784437)	(8, 0.0004716140194056758)	(9, 9.636695133366751e-05)	(10, 0.04303164004432296)	(15, 0.004974578836269775)	(20, 0.03140142829927176)	(25, 0.029934516513110514)	(30, 0.008929921580790944)	(35, 0.048856855549712856)	(40, 0.00249023546205536)	(45, 0.027276031737485083)	(50, 0.002737948716709514)	(55, 0.0144408894737803)	(60, 0.0023445218461076744)	(65, 0.01833657333849436)	(70, 0.009923223260491826)	(75, 0.0005866664543492831)	(80, 0.003897667051386393)	(85, 0.002377089961153479)	(90, 0.018174486630018354)	(95, 0.018660771393194105)	(100, 0.022274439078334374)	(105, 0.06838820502630814)	(110, 0.010359495201795108)	(115, 0.047468558668294865)	(120, 0.0005317689757936086)	(125, 0.014838001810132584)	(130, 0.018102206811853216)	(135, 0.02121417767831841)	(140, 0.02530868256769796)	(145, 0.012099192853095889)
mehreen_1040_MERGE_1_val_1	(1, 0.15331553923034147)	(2, 0.0007800390168340393)	(3, 0.048238835349390906)	(4, 0.10063699288394456)	(5, 0.00035347594289242664)	(6, 0.033273248624373954)	(7, 0.0)	(8, 0.07956265086014384)	(9, 1.3288569281670175e-06)	(10, 0.11908259013244532)	(15, 0.04715156461076465)	(20, 0.03659833146893608)	(25, 0.07418577923072858)	(30, 0.08263950117129006)	(35, 0.045542336609070526)	(40, 0.03530235442307035)	(45, 0.05270533202592022)	(50, 0.07947598909799321)	(55, 0.05714057611077211)	(60, 0.003575613472445978)	(65, 0.0016727126681890731)	(70, 0.01838095819450683)	(75, 0.009416428733134264)	(80, 0.0009432628243447367)	(85, 0.035246711078509525)	(90, 0.02132494437966539)	(95, 0.023824933492359687)	(100, 0.0005715832299797878)	(105, 0.03422497059204224)	(110, 0.018188721933707942)	(115, 0.05222043095949215)	(120, 0.017850315202561088)	(125, 0.00022930102853090619)	(130, 0.007955678531446487)	(135, 0.04849787335832473)	(140, 0.009445308139157803)	(145, 0.054936715891623536)
mehreen_1040_MERGE_2_val_2	(1, 0.0008517972909550583)	(2, 9.567769882802526e-05)	(3, 0.00010099312654069333)	(4, 0.0017952857099536408)	(5, 0.15750010969713943)	(6, 0.0006431667532328365)	(7, 0.0027201701319578848)	(8, 0.0003866973660966021)	(9, 0.00010896626810969543)	(10, 0.042931646549677474)	(15, 0.004946802800794539)	(20, 0.03068739605010072)	(25, 0.02958117645952617)	(30, 0.00878362173397007)	(35, 0.048973675232177945)	(40, 0.0023755113199348176)	(45, 0.026725619101111757)	(50, 0.0025695799518486674)	(55, 0.014530785206814362)	(60, 0.002265353294779999)	(65, 0.01770808165834713)	(70, 0.010281243556884897)	(75, 0.0005256402165050956)	(80, 0.0037298278270032526)	(85, 0.002300132667703403)	(90, 0.018458110259885942)	(95, 0.018764287519739232)	(100, 0.02226712235320029)	(105, 0.06781909931235695)	(110, 0.010287957090857124)	(115, 0.0473309537302093)	(120, 0.0005164925203856719)	(125, 0.014470867678637037)	(130, 0.01748782261989703)	(135, 0.021040053097758773)	(140, 0.025607967625450593)	(145, 0.01150141740136022)
mehreen_1041_MERGE_1_val_1	(1, 0.1547762041696848)	(2, 0.0008246279634968892)	(3, 0.04768809322363942)	(4, 0.10069606168406375)	(5, 0.00032165220755901605)	(6, 0.03312544719905573)	(7, 0.0)	(8, 0.07747561040601654)	(9, 1.5767265076422356e-06)	(10, 0.11909109915812265)	(15, 0.04692779570165433)	(20, 0.03675498879436419)	(25, 0.07378829173025632)	(30, 0.08237321864859802)	(35, 0.044892062159692166)	(40, 0.035307529101596374)	(45, 0.05294206630132364)	(50, 0.07789351711441041)	(55, 0.056586330977417255)	(60, 0.003574263815156086)	(65, 0.00178043353908078)	(70, 0.018700383653545188)	(75, 0.009267970566056435)	(80, 0.0010124794672596174)	(85, 0.03533524966391709)	(90, 0.02198858936643538)	(95, 0.024296695648669556)	(100, 0.0005995332318246439)	(105, 0.03416186724754692)	(110, 0.018474949875227967)	(115, 0.051533087575046405)	(120, 0.01786869568165978)	(125, 0.00023410858688219357)	(130, 0.00822801920787894)	(135, 0.0473898000034264)	(140, 0.009641868044296417)	(145, 0.05608640323719119)
mehreen_1041_MERGE_2_val_2	(1, 0.0009318453660165613)	(2, 0.00010564067601202979)	(3, 0.00010721740251967203)	(4, 0.0019693314080451523)	(5, 0.15880947057623362)	(6, 0.0008262046900045315)	(7, 0.0031471461092539028)	(8, 0.00043202306309397256)	(9, 8.82966844279652e-05)	(10, 0.04314932829874048)	(15, 0.004988762670180034)	(20, 0.031276038167495836)	(25, 0.029757024852331358)	(30, 0.008759667000003553)	(35, 0.04918219969110392)	(40, 0.0024198035581332)	(45, 0.02743949712914834)	(50, 0.0026771737380701143)	(55, 0.01456559425891342)	(60, 0.0023851196582153583)	(65, 0.018124749425607833)	(70, 0.009856392978335859)	(75, 0.0005629810355337654)	(80, 0.003994262636971776)	(85, 0.002484989192525856)	(90, 0.018171968775466292)	(95, 0.01891929093098871)	(100, 0.022545071435530615)	(105, 0.06816194138435483)	(110, 0.010625473380177155)	(115, 0.04781244000631016)	(120, 0.0005715423408812067)	(125, 0.014739641646121675)	(130, 0.018016763217388654)	(135, 0.021415493451877543)	(140, 0.026094777654619743)	(145, 0.01239839752665159)
mehreen_1042_MERGE_1_val_1	(1, 0.16096529727574577)	(2, 0.0009265829551819876)	(3, 0.05024730536236225)	(4, 0.10661030597837887)	(5, 0.00040383160880926196)	(6, 0.03489179424948)	(7, 0.0)	(8, 0.08055201848478491)	(9, 3.716241798858239e-06)	(10, 0.1257107978266972)	(15, 0.04861587521266349)	(20, 0.03851092888582962)	(25, 0.07370558758369099)	(30, 0.08411484963653734)	(35, 0.04439827811934214)	(40, 0.03555898905227204)	(45, 0.053397626582493536)	(50, 0.07768277292215986)	(55, 0.05732818730979764)	(60, 0.0037229685416600624)	(65, 0.0018326623666424383)	(70, 0.01827557065247347)	(75, 0.009288489004798388)	(80, 0.0010487194402264597)	(85, 0.03548313960573743)	(90, 0.02223091917288457)	(95, 0.025169830157551892)	(100, 0.0005965840117008669)	(105, 0.03465316393345392)	(110, 0.019062619812743802)	(115, 0.05121712433091671)	(120, 0.018180480457245678)	(125, 0.0002323326606746059)	(130, 0.008500123972556574)	(135, 0.04720634804213287)	(140, 0.009770383147614121)	(145, 0.05672051858594047)
mehreen_1042_MERGE_2_val_2	(1, 0.00096374537317057)	(2, 9.16672977051699e-05)	(3, 0.0001337847047588966)	(4, 0.0020451717366383178)	(5, 0.15982193354896373)	(6, 0.000884465548128261)	(7, 0.00336196008070042)	(8, 0.0004496652576618469)	(9, 0.00010033852856917247)	(10, 0.04321543263056269)	(15, 0.0050875350226369295)	(20, 0.0315607100021211)	(25, 0.029646774118369662)	(30, 0.009145106895169128)	(35, 0.04888982294417113)	(40, 0.0025287670687040684)	(45, 0.02794002291390791)	(50, 0.0028765387535759222)	(55, 0.014543366230108094)	(60, 0.0024874805801388213)	(65, 0.01839824946237078)	(70, 0.009813395315678014)	(75, 0.0006146982543408861)	(80, 0.004105463421455788)	(85, 0.002564121772080955)	(90, 0.018184792396542325)	(95, 0.018917886663027562)	(100, 0.022988456006259525)	(105, 0.0698136079584779)	(110, 0.010837693310099124)	(115, 0.049036798806485496)	(120, 0.0005760182571537694)	(125, 0.015043050330140162)	(130, 0.019016818015056565)	(135, 0.02118251193060773)	(140, 0.026774855890195536)	(145, 0.013218849037315128)
mehreen_1043_MERGE_1_val_1	(1, 0.16059985445988276)	(2, 0.0009292305978651662)	(3, 0.04962431476995331)	(4, 0.10619935443179579)	(5, 0.00034408538822994314)	(6, 0.034574580027779696)	(7, 0.0)	(8, 0.08175628864058905)	(9, 7.001737551190703e-06)	(10, 0.12555235707293122)	(15, 0.04893634404313775)	(20, 0.038241921739881224)	(25, 0.07402456779301758)	(30, 0.08289132688209963)	(35, 0.04517928309044872)	(40, 0.03529163497340097)	(45, 0.053053536806746536)	(50, 0.07776275299174645)	(55, 0.05708390597617193)	(60, 0.0036848198755214568)	(65, 0.001829058702177395)	(70, 0.01863311085946041)	(75, 0.009241433086927217)	(80, 0.0010124522672645697)	(85, 0.03545046317493912)	(90, 0.021986740801824136)	(95, 0.02452675916411444)	(100, 0.0006359917663702952)	(105, 0.034346931052762486)	(110, 0.01869591569059119)	(115, 0.051919140799379385)	(120, 0.017700829136697793)	(125, 0.00023469523778993674)	(130, 0.00835699078008103)	(135, 0.046889586033577464)	(140, 0.009694848375494744)	(145, 0.05568960806841129)
mehreen_1043_MERGE_2_val_2	(1, 0.0008872201725580221)	(2, 0.00013403326169422205)	(3, 0.00014003475102381408)	(4, 0.001953484776782206)	(5, 0.16007572439176507)	(6, 0.0008082005630517269)	(7, 0.0033228245921507883)	(8, 0.00040209978508266614)	(9, 8.702159527908445e-05)	(10, 0.04314230619470528)	(15, 0.00495542973944414)	(20, 0.030946402425197257)	(25, 0.029934300395239845)	(30, 0.00900125530256609)	(35, 0.04933513413002004)	(40, 0.0025421025896080816)	(45, 0.027652731483787468)	(50, 0.0028573815932031493)	(55, 0.014330253834327194)	(60, 0.002411873272089176)	(65, 0.018183772758023787)	(70, 0.009925613535515682)	(75, 0.000605037948626315)	(80, 0.004067065442930371)	(85, 0.0024679560778785394)	(90, 0.018031823911724344)	(95, 0.018686331006239447)	(100, 0.022602152994821365)	(105, 0.0697022642505127)	(110, 0.010444159739446216)	(115, 0.04862473582970892)	(120, 0.0005704737355903156)	(125, 0.014591464496042948)	(130, 0.018327038937597025)	(135, 0.02081531530449384)	(140, 0.026285542825694716)	(145, 0.012367675094431617)
mehreen_1045_MERGE_1_val_1	(1, 0.16314431282459296)	(2, 0.0010633004381393253)	(3, 0.050989813010658386)	(4, 0.10680883281122042)	(5, 0.00044840898476961266)	(6, 0.03461498626331278)	(7, 0.0)	(8, 0.08092749254665887)	(9, 4.86080200292263e-06)	(10, 0.12679645064723827)	(15, 0.04876794041512245)	(20, 0.03865546078783612)	(25, 0.07320999591710585)	(30, 0.08348112242996183)	(35, 0.04418043911515339)	(40, 0.035432521990502085)	(45, 0.05316456298769873)	(50, 0.07723714007022293)	(55, 0.05718664293548961)	(60, 0.003699255326837179)	(65, 0.001897511631690163)	(70, 0.018701001888064672)	(75, 0.009361563386359642)	(80, 0.0010793572437106506)	(85, 0.035442566857400506)	(90, 0.022293066425647746)	(95, 0.025215095808215682)	(100, 0.0006330956863254207)	(105, 0.03443871815279164)	(110, 0.019064129622526356)	(115, 0.05110240627177016)	(120, 0.017988117392734437)	(125, 0.0002615064801580475)	(130, 0.008455248026660596)	(135, 0.04669249620841369)	(140, 0.009791938503974314)	(145, 0.05622498265670439)
mehreen_1045_MERGE_2_val_2	(1, 0.000975806002086718)	(2, 0.00010086164156064458)	(3, 0.00014217845858548693)	(4, 0.002060980049239195)	(5, 0.15988392988113262)	(6, 0.0008482099495099989)	(7, 0.0034426630185699528)	(8, 0.0004702825937827645)	(9, 9.478563905699128e-05)	(10, 0.0431799624325626)	(15, 0.00495947628358196)	(20, 0.03138502712996276)	(25, 0.02987199655738076)	(30, 0.009181139151702968)	(35, 0.04882839648130005)	(40, 0.002660173984276783)	(45, 0.027930443444466813)	(50, 0.0029664016531197753)	(55, 0.014531011002377237)	(60, 0.0025125479579054238)	(65, 0.01833324326438249)	(70, 0.009687795034449082)	(75, 0.0006142810964213141)	(80, 0.004240261682253751)	(85, 0.0025962872074781216)	(90, 0.01790101577523915)	(95, 0.018999156975949345)	(100, 0.02278949065386303)	(105, 0.07009363426641718)	(110, 0.010760748821883534)	(115, 0.04931218488417263)	(120, 0.0005995084943093159)	(125, 0.014947127126910086)	(130, 0.01921632883880538)	(135, 0.021509816282401933)	(140, 0.026746883555029143)	(145, 0.013068918188451399)
mehreen_1046_MERGE_1_val_1	(1, 0.16406832892794682)	(2, 0.001179628642538391)	(3, 0.0512373428376194)	(4, 0.11045198606646339)	(5, 0.0004911006273329285)	(6, 0.03585034579530378)	(7, 0.0)	(8, 0.08366232345333471)	(9, 3.701763522610014e-06)	(10, 0.12906988231131303)	(15, 0.05064604781094117)	(20, 0.03937222031980167)	(25, 0.07506510663390834)	(30, 0.08453285663055318)	(35, 0.04550297185103309)	(40, 0.03578131527305488)	(45, 0.05414638918609519)	(50, 0.07825141370330001)	(55, 0.058185542196548104)	(60, 0.0038095322097836237)	(65, 0.0019538803183395074)	(70, 0.018572922814479947)	(75, 0.009538212728065126)	(80, 0.0010669089378647976)	(85, 0.03605208278419666)	(90, 0.021923518688688987)	(95, 0.024991826132849598)	(100, 0.0006732064000636537)	(105, 0.03481172909929918)	(110, 0.019315128104555473)	(115, 0.052205687412714474)	(120, 0.01787377009776111)	(125, 0.000263233600464308)	(130, 0.008718237886283882)	(135, 0.04726102498670701)	(140, 0.00982228457455126)	(145, 0.056817339615951874)
mehreen_1046_MERGE_2_val_2	(1, 0.0010167510475435505)	(2, 0.00010241545745887705)	(3, 0.0001431348562075872)	(4, 0.0020359699374355076)	(5, 0.1620298911481629)	(6, 0.0008995285359942334)	(7, 0.003848600142340211)	(8, 0.0004195331992291349)	(9, 8.390663984582698e-05)	(10, 0.04337010821513376)	(15, 0.005113122561663791)	(20, 0.03134938909948247)	(25, 0.030322192958487884)	(30, 0.009391035956202803)	(35, 0.04979942031044309)	(40, 0.002608927124844586)	(45, 0.027747415377450717)	(50, 0.0029422564776564702)	(55, 0.014773169354899293)	(60, 0.002546439115456819)	(65, 0.018259143960828287)	(70, 0.009960686779332059)	(75, 0.0006332174229226312)	(80, 0.004413044880585834)	(85, 0.0027003976377116897)	(90, 0.018200578757981128)	(95, 0.01902665888870191)	(100, 0.023160232497884146)	(105, 0.0712892747130878)	(110, 0.0108988797838442)	(115, 0.04989375695354179)	(120, 0.0006076968108159069)	(125, 0.014943929901632853)	(130, 0.018607003672960802)	(135, 0.021114682291743018)	(140, 0.02675046038811223)	(145, 0.012575858730994562)
mehreen_1049_MERGE_1_val_1	(1, 0.16021613802952805)	(2, 0.0009076528990336054)	(3, 0.04872987170603496)	(4, 0.1052723349378015)	(5, 0.0003265086220505503)	(6, 0.034206398564824166)	(7, 0.0)	(8, 0.08113841933623488)	(9, 5.133783365574691e-06)	(10, 0.12379153434810639)	(15, 0.048492485563210785)	(20, 0.037895323611139876)	(25, 0.0740501439872929)	(30, 0.08277429942712455)	(35, 0.04541417527694682)	(40, 0.03534245053605544)	(45, 0.053003499861082055)	(50, 0.07804204047432316)	(55, 0.05727079818046872)	(60, 0.003666415760362695)	(65, 0.0018337605149877027)	(70, 0.018490098377474642)	(75, 0.009390994475499159)	(80, 0.001036984923355628)	(85, 0.035700929142318545)	(90, 0.02166049482131386)	(95, 0.02433521994437312)	(100, 0.0006202103608828364)	(105, 0.03477625327744427)	(110, 0.019051907593015314)	(115, 0.05223047327224783)	(120, 0.017616859075877313)	(125, 0.00026439246988982444)	(130, 0.008305870877520882)	(135, 0.04725766495859025)	(140, 0.009855512326257424)	(145, 0.05725078193062258)
mehreen_1049_MERGE_2_val_2	(1, 0.0009312683025152489)	(2, 0.00011088972069641333)	(3, 0.00010986296402329838)	(4, 0.001962132002322647)	(5, 0.16009908776879295)	(6, 0.0007906026382985023)	(7, 0.0031624105531940093)	(8, 0.0004199434793040097)	(9, 9.240810058034443e-05)	(10, 0.04329648074324533)	(15, 0.005014268888824112)	(20, 0.031040375335663804)	(25, 0.030031562060541802)	(30, 0.00910247262606817)	(35, 0.049357265030419026)	(40, 0.002532441183344425)	(45, 0.02758768808239711)	(50, 0.0027840451899018744)	(55, 0.014516842496918737)	(60, 0.002380562112832071)	(65, 0.018178023343976907)	(70, 0.009841928522615156)	(75, 0.0005997901804722967)	(80, 0.004046705381849099)	(85, 0.0025458680924747706)	(90, 0.018288135382040313)	(95, 0.01882328419952575)	(100, 0.02261148173437862)	(105, 0.0698169130359265)	(110, 0.010813202962685219)	(115, 0.048790553479749185)	(120, 0.0005952832342160155)	(125, 0.014782888091191273)	(130, 0.018406140674531956)	(135, 0.02125678912069317)	(140, 0.026558433271537268)	(145, 0.012540889995547307)
mehreen_1050_MERGE_1_val_1	(1, 0.16461602029847128)	(2, 0.0011244333743672449)	(3, 0.05192266631898554)	(4, 0.109357235803769)	(5, 0.00044874764085351846)	(6, 0.03530618224623811)	(7, 0.0)	(8, 0.0831644770752075)	(9, 3.846408350173016e-06)	(10, 0.12865133294268355)	(15, 0.050611041071576546)	(20, 0.039028898554044844)	(25, 0.07477881095117737)	(30, 0.08430851511709059)	(35, 0.04591890710484308)	(40, 0.03561901291565459)	(45, 0.053646783100105074)	(50, 0.0795498229576304)	(55, 0.05785293798826829)	(60, 0.003786880956643152)	(65, 0.0018768034718849792)	(70, 0.01833919532786305)	(75, 0.009338155350763551)	(80, 0.0010385780464112848)	(85, 0.035450031255726294)	(90, 0.021488800777328555)	(95, 0.02448115565498225)	(100, 0.0006431930032348847)	(105, 0.03473679781611176)	(110, 0.01890612503851174)	(115, 0.052872419601096406)	(120, 0.017602727566725245)	(125, 0.00024841739497693887)	(130, 0.0084013811594649)	(135, 0.048076588334505566)	(140, 0.009641141660345983)	(145, 0.05518892449321672)
mehreen_1050_MERGE_2_val_2	(1, 0.0009718591764770487)	(2, 0.00012180293108881217)	(3, 0.0001333421561393312)	(4, 0.0019667968030551357)	(5, 0.1620876478762909)	(6, 0.0009205737318080751)	(7, 0.0033617608980512155)	(8, 0.0003692552016166095)	(9, 0.00011154584215501746)	(10, 0.04314259819165727)	(15, 0.0050887982472789)	(20, 0.030810697494688392)	(25, 0.03009256204678303)	(30, 0.009120936543103631)	(35, 0.04994972794168737)	(40, 0.002460845515955876)	(45, 0.027562948600247737)	(50, 0.002855091297603963)	(55, 0.014508476450636167)	(60, 0.0025297585438188394)	(65, 0.018023516394063355)	(70, 0.01022270184103389)	(75, 0.0006006035551844209)	(80, 0.004161126197429262)	(85, 0.002547573113735368)	(90, 0.01828408059124068)	(95, 0.018698332354137738)	(100, 0.022587463827920453)	(105, 0.07117450857238022)	(110, 0.010423227927081495)	(115, 0.049314909145344595)	(120, 0.0005914598974931864)	(125, 0.014711354266824295)	(130, 0.01803476819560002)	(135, 0.02097371932975851)	(140, 0.026318819325912558)	(145, 0.011974084456286012)
mehreen_1051_MERGE_1_val_1	(1, 0.15971840598688647)	(2, 0.0008694442275004418)	(3, 0.04934403094599053)	(4, 0.10479191524422905)	(5, 0.0003958223327710017)	(6, 0.03445565161541782)	(7, 0.0)	(8, 0.08177962375968048)	(9, 2.72980919152415e-06)	(10, 0.12422761072604271)	(15, 0.04868041433153101)	(20, 0.03773973144741256)	(25, 0.0744525949775992)	(30, 0.08265310797681902)	(35, 0.04530364763027782)	(40, 0.03566174964241152)	(45, 0.05330442061742072)	(50, 0.07827082581370517)	(55, 0.05756637935266953)	(60, 0.0036035584430527032)	(65, 0.001804176795022731)	(70, 0.01885211740667141)	(75, 0.009421314113029232)	(80, 0.0010325450109927381)	(85, 0.03548876533521531)	(90, 0.02153729189336351)	(95, 0.02451172397151722)	(100, 0.000619843265865439)	(105, 0.03453302433051859)	(110, 0.018780487271642807)	(115, 0.05230531121131831)	(120, 0.01763542793323412)	(125, 0.0002461961398023154)	(130, 0.008365894352781376)	(135, 0.0473009763023761)	(140, 0.009523219502827638)	(145, 0.05461260350311534)
mehreen_1051_MERGE_2_val_2	(1, 0.0009608928354165008)	(2, 0.00011055727225672806)	(3, 0.00012147650902282468)	(4, 0.002037802561472778)	(5, 0.1580190997651627)	(6, 0.0008476057539682486)	(7, 0.0031215368105078655)	(8, 0.00040401176034557417)	(9, 9.281351251182109e-05)	(10, 0.043609520777355755)	(15, 0.004972620423280392)	(20, 0.03083030642576616)	(25, 0.030183302297833916)	(30, 0.009047317470370035)	(35, 0.04970813999645872)	(40, 0.0024566765083968967)	(45, 0.02749875555879777)	(50, 0.0027824216534384064)	(55, 0.014532510137826523)	(60, 0.002400921763896009)	(65, 0.018042907215366267)	(70, 0.010020480147988241)	(75, 0.0005953114320318803)	(80, 0.004062183000097309)	(85, 0.0025011565148636405)	(90, 0.01808055388298368)	(95, 0.01895038237918333)	(100, 0.02242744097844853)	(105, 0.06929118200008526)	(110, 0.010374598109349162)	(115, 0.048687401567780904)	(120, 0.0005650016124392683)	(125, 0.014785244355543884)	(130, 0.018089023311672094)	(135, 0.02105445242933667)	(140, 0.025999968536338694)	(145, 0.012231245241728228)
mehreen_1052_MERGE_1_val_1	(1, 0.16260705237445475)	(2, 0.0008991379202531805)	(3, 0.05029906538365083)	(4, 0.10766353811429846)	(5, 0.0003501767010063631)	(6, 0.03463589850931358)	(7, 0.0)	(8, 0.08378175039641714)	(9, 3.949361289545448e-06)	(10, 0.1260454453003588)	(15, 0.049583704408737835)	(20, 0.038379091575623255)	(25, 0.07460055453660304)	(30, 0.08308960013421372)	(35, 0.045579822384681105)	(40, 0.03558026704524639)	(45, 0.05306772628273996)	(50, 0.07835024472203175)	(55, 0.05749063966359685)	(60, 0.0037460438219189657)	(65, 0.0018630529614838923)	(70, 0.01840799955885675)	(75, 0.009330254194920983)	(80, 0.0010362570518950619)	(85, 0.03552860927965032)	(90, 0.021867568008784984)	(95, 0.0243646969352317)	(100, 0.0006484414896117785)	(105, 0.03457215378684789)	(110, 0.01893444253503795)	(115, 0.052453368973033)	(120, 0.017536476151988122)	(125, 0.00023866069947270396)	(130, 0.008405587946318571)	(135, 0.04731174682286401)	(140, 0.009476181108875926)	(145, 0.05526903888812624)
mehreen_1052_MERGE_2_val_2	(1, 0.0009939225912022711)	(2, 0.00011848083868636346)	(3, 0.00013691119137090887)	(4, 0.0019509844770354515)	(5, 0.15896310835796748)	(6, 0.0008359481396204531)	(7, 0.003405665885351358)	(8, 0.00042916392679727205)	(9, 0.00010926566234409074)	(10, 0.043534599366917386)	(15, 0.004916954805484083)	(20, 0.030785690738685565)	(25, 0.030084861521755185)	(30, 0.00917347042074833)	(35, 0.049598801629724174)	(40, 0.0026261845978360287)	(45, 0.02736008947131428)	(50, 0.002889320088742981)	(55, 0.014530852455663911)	(60, 0.002434158546063627)	(65, 0.018118657797480932)	(70, 0.009980896001006195)	(75, 0.0006227268991947063)	(80, 0.004078652400865884)	(85, 0.0025103123399388247)	(90, 0.018088367575892036)	(95, 0.018929471570660807)	(100, 0.022539526923110464)	(105, 0.07049342803263711)	(110, 0.010573573013439473)	(115, 0.048805784973908424)	(120, 0.0005865724977270891)	(125, 0.014467975745142005)	(130, 0.01809155987324488)	(135, 0.021284612560699936)	(140, 0.026303520677737387)	(145, 0.011995762336621058)
mehreen_1054_MERGE_1_val_1	(1, 0.15365526321281991)	(2, 0.0008811157978685671)	(3, 0.04704025167072333)	(4, 0.09965280915500128)	(5, 0.00036655342247288153)	(6, 0.032293703415844276)	(7, 0.0)	(8, 0.07646512530374357)	(9, 1.1563199447094055e-06)	(10, 0.11732554066196195)	(15, 0.04586566187088752)	(20, 0.03618921560449892)	(25, 0.0726069403012355)	(30, 0.08157539317719595)	(35, 0.04451909572700317)	(40, 0.0349533353484377)	(45, 0.052080910299172695)	(50, 0.07760438593741356)	(55, 0.05627230474299446)	(60, 0.0035103229634578788)	(65, 0.001750022503833804)	(70, 0.018536052741503703)	(75, 0.009191056746706413)	(80, 0.0009836522926260736)	(85, 0.03485105193660434)	(90, 0.021728184420567245)	(95, 0.02436478247945731)	(100, 0.0005881879381920546)	(105, 0.03435609214907418)	(110, 0.01835245873531083)	(115, 0.051382508514468545)	(120, 0.01776759218173504)	(125, 0.00023893926632564673)	(130, 0.008163553273854053)	(135, 0.04740174924599016)	(140, 0.009493888612157915)	(145, 0.05577318030573592)
mehreen_1054_MERGE_2_val_2	(1, 0.0008961479571497892)	(2, 0.00011563199447094055)	(3, 0.00010638143491326531)	(4, 0.001935679587443545)	(5, 0.15616794645267346)	(6, 0.0008001734017389086)	(7, 0.003127845450438942)	(8, 0.00036655342247288153)	(9, 9.366191552146185e-05)	(10, 0.04270451440604094)	(15, 0.0050274478556075535)	(20, 0.031068306248961106)	(25, 0.02931277913204484)	(30, 0.008848223421736598)	(35, 0.04862252314658358)	(40, 0.0024038058677642617)	(45, 0.02729703969659814)	(50, 0.0026616252810235806)	(55, 0.014368363211383196)	(60, 0.002356922835790474)	(65, 0.018101988096899627)	(70, 0.00993628697071119)	(75, 0.0005753769210916041)	(80, 0.003914741230969937)	(85, 0.002419086563448532)	(90, 0.01820794058834449)	(95, 0.01878755109807036)	(100, 0.0222426130036938)	(105, 0.06743575028039141)	(110, 0.010414692400890393)	(115, 0.04774067701632893)	(120, 0.0005496178834513178)	(125, 0.014591167346528728)	(130, 0.018438951761756656)	(135, 0.02105922406100939)	(140, 0.026097647897183687)	(145, 0.012215942959739571)
mehreen_1055_MERGE_1_val_1	(1, 0.1615496061552815)	(2, 0.0008704957843074621)	(3, 0.05177997153304454)	(4, 0.10811580885311878)	(5, 0.00037888067514583795)	(6, 0.03548461586979363)	(7, 0.0)	(8, 0.08236703168178124)	(9, 0.0)	(10, 0.12744430189672432)	(15, 0.050015038424834506)	(20, 0.038768587123496595)	(25, 0.07476222102023863)	(30, 0.08481659727152283)	(35, 0.04584162737938079)	(40, 0.03573921607890109)	(45, 0.05377379812285516)	(50, 0.07908647035817845)	(55, 0.058332347012886324)	(60, 0.0037652531247208184)	(65, 0.0017586071618573983)	(70, 0.018624009800034966)	(75, 0.009438356220559014)	(80, 0.0010046172505382778)	(85, 0.0355851494973738)	(90, 0.02186154302770584)	(95, 0.02453022799043726)	(100, 0.0006314914407570686)	(105, 0.034668889219499885)	(110, 0.018991620640996198)	(115, 0.052252335658100044)	(120, 0.017819715969349656)	(125, 0.0002393245384671526)	(130, 0.008279832286541331)	(135, 0.047857994446124624)	(140, 0.00959656656626603)	(145, 0.05582377713296892)
mehreen_1055_MERGE_2_val_2	(1, 0.0008844423122269408)	(2, 0.00012900538325517796)	(3, 0.00015108738579435257)	(4, 0.001844428317351058)	(5, 0.1605164008785801)	(6, 0.00082052072592933)	(7, 0.003290218378337016)	(8, 0.00042304468022418717)	(9, 0.00010227453807617712)	(10, 0.043060834719918444)	(15, 0.005012382134260644)	(20, 0.03084109319397101)	(25, 0.02976499060195247)	(30, 0.009136813179176464)	(35, 0.0493777115396251)	(40, 0.002431744912089536)	(45, 0.027157292371410194)	(50, 0.0028348441952097373)	(55, 0.01461382730553385)	(60, 0.002386627702290302)	(65, 0.018049266870499132)	(70, 0.010073982015725912)	(75, 0.0005895639608797737)	(80, 0.003966695480660212)	(85, 0.0024200288770549897)	(90, 0.018376046585927702)	(95, 0.018931377028505465)	(100, 0.022721598787697757)	(105, 0.07051068910245376)	(110, 0.010497461725876595)	(115, 0.04904368535536681)	(120, 0.0005488131520175367)	(125, 0.014711933392076729)	(130, 0.017824165792402213)	(135, 0.020999979261260113)	(140, 0.026281011860493593)	(145, 0.012139595308649765)
mehreen_1057_MERGE_1_val_1	(1, 0.15649711961231386)	(2, 0.0007861208797685491)	(3, 0.048269790835734676)	(4, 0.1026640117812941)	(5, 0.0003304801551799804)	(6, 0.03323083432724654)	(7, 0.0)	(8, 0.07894678702763294)	(9, 2.8125970653615355e-06)	(10, 0.12170276257643285)	(15, 0.04731744546940326)	(20, 0.03744584750790314)	(25, 0.07341896870192662)	(30, 0.08218807497706902)	(35, 0.04455121460892297)	(40, 0.03509388553871415)	(45, 0.05254944896338538)	(50, 0.07768140860907778)	(55, 0.05683599741273875)	(60, 0.003527029066349086)	(65, 0.0017817743354058442)	(70, 0.018410486978559296)	(75, 0.009216731705486713)	(80, 0.001026653924086688)	(85, 0.03495292093824258)	(90, 0.021971916243447073)	(95, 0.02451287730061409)	(100, 0.0005985189436362032)	(105, 0.03422765290257911)	(110, 0.01851771751161362)	(115, 0.05167786647001726)	(120, 0.0177783335413391)	(125, 0.000228631438117652)	(130, 0.008196628336057317)	(135, 0.04779495685346204)	(140, 0.009662227387358705)	(145, 0.05502811956918182)
mehreen_1057_MERGE_2_val_2	(1, 0.0009408137183634336)	(2, 9.984719582033451e-05)	(3, 0.00012516056940858834)	(4, 0.0020067880061354552)	(5, 0.15827046206202433)	(6, 0.0007776830885724645)	(7, 0.0030727622939074775)	(8, 0.00040220138034669954)	(9, 0.00010406609141837682)	(10, 0.04304454800770601)	(15, 0.004866355442488529)	(20, 0.031304055482710334)	(25, 0.029673555503476567)	(30, 0.008977180178405353)	(35, 0.04888320837944418)	(40, 0.002543272857023301)	(45, 0.027312161018685697)	(50, 0.002749812298218548)	(55, 0.014421328949772846)	(60, 0.0023473029648839357)	(65, 0.01821683151667631)	(70, 0.009913196199912338)	(75, 0.000591451164284959)	(80, 0.0038763238052045112)	(85, 0.002313478861704973)	(90, 0.01791230969640108)	(95, 0.018763356350867618)	(100, 0.022409996192444808)	(105, 0.0688964547200461)	(110, 0.010529610066437073)	(115, 0.04805939741955008)	(120, 0.0005661300442486558)	(125, 0.014852161015472225)	(130, 0.01829814195241623)	(135, 0.021014209714177928)	(140, 0.025758695080828533)	(145, 0.012208649250567465)
mehreen_1058_MERGE_1_val_1	(1, 0.16805055053792275)	(2, 0.0011684047964548737)	(3, 0.05283202099548329)	(4, 0.11295831203772921)	(5, 0.0004114947483658553)	(6, 0.03647885926206797)	(7, 0.0)	(8, 0.0850847991557209)	(9, 3.003611301940549e-06)	(10, 0.13234031540802138)	(15, 0.05155007969181506)	(20, 0.03978412073413551)	(25, 0.07481905722921159)	(30, 0.08552961044788647)	(35, 0.045436690498265916)	(40, 0.03569888223777425)	(45, 0.05431110937740522)	(50, 0.07770765894596664)	(55, 0.05838823351119325)	(60, 0.0038736757155203717)	(65, 0.0018399665633984784)	(70, 0.018781029527044683)	(75, 0.009270206692395692)	(80, 0.001019562101566373)	(85, 0.035997352863313695)	(90, 0.02206946278301708)	(95, 0.025134614196047955)	(100, 0.000638677030305507)	(105, 0.03514885213110342)	(110, 0.019368303928327373)	(115, 0.05222660345296712)	(120, 0.01796111094726056)	(125, 0.0002642241383711132)	(130, 0.008536675167758483)	(135, 0.04703422631167844)	(140, 0.009890219090625771)	(145, 0.05673695681879577)
mehreen_1058_MERGE_2_val_2	(1, 0.0009641592279229162)	(2, 0.00011413722947374088)	(3, 0.00012014445207762197)	(4, 0.0020769972152918895)	(5, 0.16274467117304478)	(6, 0.0009145996414408973)	(7, 0.003430124106816107)	(8, 0.0004054875257619741)	(9, 9.311195036015702e-05)	(10, 0.043267921887844195)	(15, 0.0050709969610662296)	(20, 0.031285326182255144)	(25, 0.030204411168492783)	(30, 0.009319104290278308)	(35, 0.04990176821089309)	(40, 0.0025004148808463)	(45, 0.02758022654069137)	(50, 0.002910386545774641)	(55, 0.014550214610667073)	(60, 0.002498468983757241)	(65, 0.01823114081769909)	(70, 0.009944491701194989)	(75, 0.0006233049854735541)	(80, 0.004147925483953294)	(85, 0.0025700102708294584)	(90, 0.018122920194442664)	(95, 0.0189833106207914)	(100, 0.023140392843596584)	(105, 0.07187131969575297)	(110, 0.011052965437876662)	(115, 0.050105166820890536)	(120, 0.0006427776448482552)	(125, 0.014902597963747979)	(130, 0.018500212822999594)	(135, 0.021281541573977603)	(140, 0.027227904870150935)	(145, 0.01269189774083428)
