Sample	0	1	2	3	4	5	6	7	8	9	10	11	12	13	14	15	16	17	18	19	20	21	22	23	24	25	26	27	28	29	30	31	32	33	34	35	36	37	38	39	40	41	42	43	44	45	46	47	48	49	50	51	52	53	54	55	56	57	58	59	60	61	62	63	64	65	66	67	68	69	70	71	72
mehreen_1002_MERGE_2_val_2 - polyg	(1, 0.14810589614992717)	(2, 0.14929633871494946)	(3, 0.1512414650280893)	(4, 0.1523229678888854)	(5, 0.15349130674580383)	(6, 0.15480963505056988)	(7, 0.15562431457782652)	(8, 0.15681317830655567)	(9, 0.15752996998363805)	(10, 0.15858384320930433)	(12, 0.1600450561985989)	(14, 0.1608139494733547)	(16, 0.16132154534159693)	(18, 0.161749409977036)	(20, 0.1620620195630763)	(22, 0.16238883867575485)	(24, 0.1626540831730012)	(26, 0.1629714292679209)	(28, 0.1632761446724956)	(30, 0.1635658611322855)	(32, 0.16383978922914408)	(34, 0.1641200326711752)	(36, 0.1644429046931209)	(38, 0.16476893438765283)	(40, 0.16508706990071914)	(42, 0.1654423080666741)	(44, 0.1657786001971114)	(46, 0.16611331349125558)	(48, 0.16646776223906395)	(50, 0.16683799934980365)	(52, 0.16720507878795707)	(54, 0.1675247931373165)	(56, 0.16782556145115834)	(58, 0.16814290754607805)	(60, 0.16849577745759328)	(62, 0.1688557521324276)	(64, 0.16914941568295033)	(66, 0.1695322834840351)	(68, 0.16989462641330913)	(70, 0.17024275981594494)	(72, 0.1712050605366095)	(74, 0.17310045350651568)	(76, 0.17349753083423863)	(78, 0.17388355630790964)	(80, 0.1742940537441242)	(82, 0.17468402630852808)	(84, 0.1750345279656036)	(86, 0.17540555449448986)	(88, 0.17575289847897912)	(90, 0.17609866362717524)	(92, 0.17646574306532867)	(94, 0.1767807209058087)	(96, 0.1771004352551681)	(98, 0.17743909564004517)	(100, 0.17781485867781083)	(102, 0.17817246509820545)	(104, 0.1785569117355833)	(106, 0.17899109171619487)	(108, 0.179520791292541)	(110, 0.18011601257505216)	(112, 0.18070255025795107)	(114, 0.18130171863119504)	(116, 0.18202640448974308)	(118, 0.1829681803385969)	(120, 0.18422335519163763)	(122, 0.1855440517508434)	(124, 0.18697210917798218)	(126, 0.1886946195737903)	(128, 0.19055133105451472)	(130, 0.19262355368925177)	(132, 0.19473130014058432)	(134, 0.19623356287350036)	(136, 0.19749031656283422)
mehreen_1003_MERGE_2_val_2 - polyg	(1, 0.13186305124127798)	(2, 0.1333395121966991)	(3, 0.13574819120061601)	(4, 0.13693367079985924)	(5, 0.13812094658031346)	(6, 0.13937288488436275)	(7, 0.14023325568441958)	(8, 0.14115649282686052)	(9, 0.141901908029415)	(10, 0.14311433034682283)	(12, 0.14459977220829884)	(14, 0.145541869253455)	(16, 0.14625225892239546)	(18, 0.14688631088986948)	(20, 0.14740810153165762)	(22, 0.14789486663983173)	(24, 0.14834301385196988)	(26, 0.1488369636849879)	(28, 0.14932103452134554)	(30, 0.1498060034483087)	(32, 0.15033048836191326)	(34, 0.15080557829221605)	(36, 0.15129503767220664)	(38, 0.15178180278038073)	(40, 0.15227395643218777)	(42, 0.15280113561760883)	(44, 0.1533759136051207)	(46, 0.15385639207905638)	(48, 0.15443835479141216)	(50, 0.15500684614468563)	(52, 0.1555528852328219)	(54, 0.15610251668338015)	(56, 0.15665035195272736)	(58, 0.15724219366174352)	(60, 0.15787085708558463)	(62, 0.15839803627100568)	(64, 0.1589108460067389)	(66, 0.15953861133997455)	(68, 0.16017266330744856)	(70, 0.16074744129496044)	(72, 0.16167247461861234)	(74, 0.16321988473186697)	(76, 0.16389255459537694)	(78, 0.16464156216035336)	(80, 0.16526573513116705)	(82, 0.16591505463893436)	(84, 0.1665544951500413)	(86, 0.16715980821813975)	(88, 0.1677579365613943)	(90, 0.16831026228376897)	(92, 0.168907492536418)	(94, 0.1694876590675628)	(96, 0.1700893797732393)	(98, 0.17062913222713716)	(100, 0.1712281586609972)	(102, 0.17181371373577492)	(104, 0.17249895686776173)	(106, 0.1733063403220948)	(108, 0.1742475392766455)	(110, 0.17536925444289914)	(112, 0.17658257485091244)	(114, 0.1776539969432588)	(116, 0.1790056233045172)	(118, 0.18081258160275765)	(120, 0.1832338338751514)	(122, 0.18582751954379872)	(124, 0.18864842213563432)	(126, 0.19220486093336403)	(128, 0.19634416053405496)	(130, 0.20073672168549334)	(132, 0.20512838474632622)	(134, 0.20798880332480327)	(136, 0.21017385776795386)
mehreen_1004_MERGE_2_val_2 - polyg	(1, 0.14139880565642332)	(2, 0.14301420209731966)	(3, 0.14514722332035737)	(4, 0.14651107738116814)	(5, 0.1478909254661462)	(6, 0.14927513555771532)	(7, 0.150247863027526)	(8, 0.151294744609385)	(9, 0.1521089858397198)	(10, 0.15341831481814205)	(12, 0.15519219749851426)	(14, 0.15626016211223015)	(16, 0.15709766737771735)	(18, 0.15786610753884583)	(20, 0.15849205548466566)	(22, 0.1591369054590469)	(24, 0.15972868435323662)	(26, 0.1602666651661364)	(28, 0.1608606250636217)	(30, 0.16146767098088022)	(32, 0.16211906396514802)	(34, 0.16273919590217978)	(36, 0.16336078184140856)	(38, 0.1639671007575686)	(40, 0.16463157976160964)	(42, 0.1653382248293645)	(44, 0.16605213990810447)	(46, 0.16673406693850984)	(48, 0.1674828780699784)	(50, 0.16822878119705298)	(52, 0.16896087130325577)	(54, 0.16961517229191764)	(56, 0.1703443543937264)	(58, 0.17111861056364291)	(60, 0.17191685776981042)	(62, 0.17263149984964893)	(64, 0.17334468792729035)	(66, 0.17406805402031097)	(68, 0.1747623400693911)	(70, 0.17557948930411993)	(72, 0.17667362595738229)	(74, 0.1783595415048344)	(76, 0.17923993983513387)	(78, 0.1800832611094092)	(80, 0.18090113734523655)	(82, 0.18165867248988732)	(84, 0.18245619269495628)	(86, 0.1832435348846461)	(88, 0.18399525402050873)	(90, 0.1847157121091353)	(92, 0.18544852921643662)	(94, 0.18621551537536804)	(96, 0.1870057655694519)	(98, 0.18776838972179222)	(100, 0.18855718591367904)	(102, 0.18929654603086699)	(104, 0.19016095033699917)	(106, 0.19106970171014068)	(108, 0.1921122212854086)	(110, 0.19311620980245534)	(112, 0.19411729031510802)	(114, 0.1951190978288592)	(116, 0.1962975666095491)	(118, 0.19760180658028176)	(120, 0.19908852382674128)	(122, 0.2006210421424071)	(124, 0.20222480656572722)	(126, 0.20397978721753807)	(128, 0.20589252710772632)	(130, 0.2078692430945837)	(132, 0.21009822846262516)	(134, 0.21162274976620735)	(136, 0.21295098077319097)
mehreen_1005_MERGE_2_val_2 - polyg	(1, 0.1555686773918706)	(2, 0.15679897116500793)	(3, 0.1586655734613812)	(4, 0.15976160029842287)	(5, 0.16115097120236918)	(6, 0.1625563957617182)	(7, 0.16353712816450386)	(8, 0.16470320731603022)	(9, 0.1655540510523755)	(10, 0.1669426922447126)	(12, 0.16873632338016425)	(14, 0.16980024290640047)	(16, 0.17053287336205283)	(18, 0.1712231805443707)	(20, 0.17179965271565095)	(22, 0.17236153065474685)	(24, 0.17290516580361243)	(26, 0.17346631403109913)	(28, 0.17399462523617115)	(30, 0.17452950384572613)	(32, 0.17510451659378795)	(34, 0.17568609674633268)	(36, 0.1763377292133621)	(38, 0.17695798408119529)	(40, 0.17756364471684416)	(42, 0.17818754814272342)	(44, 0.17882969435883306)	(46, 0.17949956961609287)	(48, 0.1801833093939278)	(50, 0.18087653542268253)	(52, 0.18155954548890824)	(54, 0.18224912295961687)	(56, 0.18292921417940572)	(58, 0.18361733222689594)	(60, 0.18428793719576497)	(62, 0.18496875812716304)	(64, 0.1856349848263768)	(66, 0.18625523969420998)	(68, 0.1869543034158384)	(70, 0.18761615184539687)	(72, 0.1886625582930119)	(74, 0.19013292718558114)	(76, 0.190907880914568)	(78, 0.19168502377838248)	(80, 0.1924475724100127)	(82, 0.19317071661474527)	(84, 0.19393910293924915)	(86, 0.19465859858593565)	(88, 0.19540217471572624)	(90, 0.1961202109391943)	(92, 0.19681416667955826)	(94, 0.19749279847612866)	(96, 0.19815318748246868)	(98, 0.19884860264605103)	(100, 0.1995483960792887)	(102, 0.20024600037769874)	(104, 0.20098081996817874)	(106, 0.20178496216153421)	(108, 0.20265550811132832)	(110, 0.20367126667135627)	(112, 0.2046651338831078)	(114, 0.20565681196003166)	(116, 0.20685718755719112)	(118, 0.2082969085621733)	(120, 0.21018467249521383)	(122, 0.21246575098562148)	(124, 0.2147928013074097)	(126, 0.21767808101024777)	(128, 0.22085743449159972)	(130, 0.22402146402915812)	(132, 0.2271891421247626)	(134, 0.229422059648962)	(136, 0.23125874376935743)
mehreen_1006_MERGE_2_val_2 - polyg	(1, 0.05668899253449157)	(2, 0.058273965736088146)	(3, 0.060245801784441756)	(4, 0.06111268508653947)	(5, 0.06209860311071628)	(6, 0.06296548641281399)	(7, 0.06364346678639489)	(8, 0.06430592089187852)	(9, 0.06473159940887875)	(10, 0.06553573071074999)	(12, 0.06655140741544657)	(14, 0.06729537442844087)	(16, 0.06796171010094881)	(18, 0.06856011835053119)	(20, 0.06905695892964392)	(22, 0.06953892016849675)	(24, 0.07000276742790276)	(26, 0.07045044149137414)	(28, 0.0709446943591373)	(30, 0.07147258747444457)	(32, 0.07199077667219105)	(34, 0.07245979935429614)	(36, 0.07293723209828729)	(38, 0.07347288834764318)	(40, 0.07400272224646261)	(42, 0.07454226006284283)	(44, 0.07511673198244191)	(46, 0.07565885751017168)	(48, 0.07621456852248656)	(50, 0.07678515887506132)	(52, 0.07736286543384735)	(54, 0.07792957421939778)	(56, 0.07849951764413517)	(58, 0.07907916498643333)	(60, 0.0796827486587148)	(62, 0.08025075129994003)	(64, 0.08079481761118196)	(66, 0.08135635097403332)	(68, 0.0819825771206233)	(70, 0.08257839765885613)	(72, 0.08345045638365295)	(74, 0.08479994785244088)	(76, 0.08549410142195644)	(78, 0.08611579907368473)	(80, 0.08669479948814551)	(82, 0.08728544460367926)	(84, 0.08789743833784676)	(86, 0.08843180073152788)	(88, 0.08898168939330628)	(90, 0.08953028419940992)	(92, 0.09007046894362752)	(94, 0.0906080659764956)	(96, 0.09114760379287581)	(98, 0.0916742030525083)	(100, 0.09217621905432011)	(102, 0.09272287307691159)	(104, 0.09341185122372805)	(106, 0.0942153355977619)	(108, 0.09523295308597064)	(110, 0.09661543787446528)	(112, 0.09794099301326993)	(114, 0.0993642342555199)	(116, 0.10105400976677306)	(118, 0.10288416861873906)	(120, 0.10518076244146063)	(122, 0.10825949201958229)	(124, 0.11106780576167646)	(126, 0.11398997880315065)	(128, 0.1164618900698039)	(130, 0.11837162104576843)	(132, 0.12000187919598204)	(134, 0.12134425445855873)	(136, 0.12273644316461416)
mehreen_1007_MERGE_1_val_1 - polyg	(1, 0.01786620145255682)	(2, 0.02114320357889639)	(3, 0.023082184880187925)	(4, 0.023955345101553484)	(5, 0.024992885688479766)	(6, 0.025671617520472426)	(7, 0.026558917988337833)	(8, 0.02746742882595301)	(9, 0.02912007013562264)	(10, 0.030427159171452257)	(12, 0.03179434425490622)	(14, 0.03312617872211057)	(16, 0.03449071250934582)	(18, 0.03554681216980315)	(20, 0.036550769671292296)	(22, 0.03759007778903106)	(24, 0.03843584128280316)	(26, 0.03927188335710662)	(28, 0.04012471697412865)	(30, 0.04089889546999528)	(32, 0.041724332359423855)	(34, 0.042446368696322304)	(36, 0.043149845959689695)	(38, 0.043808251187338824)	(40, 0.044511728450706216)	(42, 0.04517366873998031)	(44, 0.04578435063569246)	(46, 0.04645689610984144)	(48, 0.04720986423595829)	(50, 0.04792041162257561)	(52, 0.048585886973474664)	(54, 0.049292015533060785)	(56, 0.04992479156392894)	(58, 0.05063710648135874)	(60, 0.05135118892960101)	(62, 0.051973359775594294)	(64, 0.05259464685618132)	(66, 0.053331707204985854)	(68, 0.05648763347067048)	(70, 0.07416736042251057)	(72, 0.07602591907183423)	(74, 0.07680098133310709)	(76, 0.07751683131216186)	(78, 0.07819909820577947)	(80, 0.07889815664211566)	(82, 0.07958660989357697)	(84, 0.0801990593201016)	(86, 0.08080620615418878)	(88, 0.08142837700018205)	(90, 0.08205496667320653)	(92, 0.08262676289104409)	(94, 0.0831994428742879)	(96, 0.08377035532671923)	(98, 0.08430768469371343)	(100, 0.08504828010414292)	(102, 0.08605047007481958)	(104, 0.08712778010502667)	(106, 0.08824751087473331)	(108, 0.08920993140212917)	(110, 0.09008485915430721)	(112, 0.0909827648070475)	(114, 0.09186653021328794)	(116, 0.09304193820358773)	(118, 0.09454433939419649)	(120, 0.0961306982983981)	(122, 0.09791413688819131)	(124, 0.09971259948989061)	(126, 0.10165246455658838)	(128, 0.1035560952416303)	(130, 0.10509738211011363)	(132, 0.10628781411231952)	(134, 0.10722990803537183)	(136, 0.10808892801023753)
mehreen_1007_MERGE_2_val_2 - polyg	(1, 0.21196052750189567)	(2, 0.2161195275036632)	(3, 0.22180744165822672)	(4, 0.2244357599763858)	(5, 0.22724083137579296)	(6, 0.22951034093901843)	(7, 0.23098976422906492)	(8, 0.23263356788467215)	(9, 0.23382665118309676)	(10, 0.23570200137513897)	(12, 0.23842046376473458)	(14, 0.2400068226689362)	(16, 0.24122023257170433)	(18, 0.24230814778678628)	(20, 0.24317512165030816)	(22, 0.24398641829323692)	(24, 0.24467398777929195)	(26, 0.2454243046091901)	(28, 0.24610303644118275)	(30, 0.24682153771645626)	(32, 0.24760897269341647)	(34, 0.24827886687134673)	(36, 0.2490097408623076)	(38, 0.249687588928894)	(40, 0.2504131603274174)	(42, 0.2511016135788787)	(44, 0.2518810946671828)	(46, 0.25263759785492457)	(48, 0.25334195888369826)	(50, 0.25413116139147096)	(52, 0.25491329377599375)	(54, 0.2556512378902045)	(56, 0.256373274227103)	(58, 0.25710945081050124)	(60, 0.25788804813339905)	(62, 0.25860654940867256)	(64, 0.25931356173366493)	(66, 0.26009215905656274)	(68, 0.2609008044032728)	(70, 0.2617200549348576)	(72, 0.26863110041165794)	(74, 0.28426491044805136)	(76, 0.28523881992572836)	(78, 0.2861685411330933)	(80, 0.2869073690127103)	(82, 0.28770717670535795)	(84, 0.28851582205206794)	(86, 0.28929795443659073)	(88, 0.2900641790438012)	(90, 0.29077649396123095)	(92, 0.291518856902473)	(94, 0.292276243855621)	(96, 0.29313791512670545)	(98, 0.29388646442579114)	(100, 0.2947012961303448)	(102, 0.2955779914133353)	(104, 0.29655278465641854)	(106, 0.2977184712272497)	(108, 0.2992235237140771)	(110, 0.3010891524866507)	(112, 0.30282663527531944)	(114, 0.30465337837001844)	(116, 0.306706365408715)	(118, 0.30930993829549935)	(120, 0.3134556818161732)	(122, 0.31842862975708824)	(124, 0.32402551607480895)	(126, 0.3311203847561073)	(128, 0.33927488815948786)	(130, 0.3474550207596494)	(132, 0.35488483652991276)	(134, 0.35982685268160935)	(136, 0.36314362425122976)
mehreen_1009_MERGE_2_val_2 - polyg	(1, 0.1660048274332787)	(2, 0.16785270976013214)	(3, 0.17070099734669586)	(4, 0.1721499919712699)	(5, 0.17398385588047133)	(6, 0.17545961293874462)	(7, 0.17666392245521115)	(8, 0.17796763529684637)	(9, 0.17895147333569522)	(10, 0.18052727091993953)	(12, 0.18256631348750194)	(14, 0.18383561748580954)	(16, 0.18474617743238664)	(18, 0.18555924565620213)	(20, 0.18625315732997572)	(22, 0.18697701744146036)	(24, 0.18760529743259052)	(26, 0.18831705072883026)	(28, 0.18903326443068658)	(30, 0.1897214412972389)	(32, 0.19045231061754953)	(34, 0.19117935673304598)	(36, 0.19189748203730939)	(38, 0.1926653090041571)	(40, 0.19342294075816702)	(42, 0.1942277253715518)	(44, 0.1950044731496326)	(46, 0.1958137181686339)	(48, 0.1967230037136063)	(50, 0.1976552284874637)	(52, 0.19851481236985175)	(54, 0.19939733548112482)	(56, 0.20021613851216163)	(58, 0.20103876474801258)	(60, 0.2019588827066251)	(62, 0.20283949421549113)	(64, 0.2036474648328877)	(66, 0.20447455147435523)	(68, 0.2053921206297583)	(70, 0.2063319918132441)	(72, 0.2077293731728267)	(74, 0.21001819845491548)	(76, 0.21098164606808872)	(78, 0.21198013972539193)	(80, 0.2128932484751785)	(82, 0.21377131118083503)	(84, 0.21463599266964195)	(86, 0.215502585760856)	(88, 0.21630737037424078)	(90, 0.2171828842766879)	(92, 0.2180169801269814)	(94, 0.2188695548005434)	(96, 0.21979094716076067)	(98, 0.22069131189449995)	(100, 0.22159804863626284)	(102, 0.22252899900851555)	(104, 0.22347141899521078)	(106, 0.22449476348380618)	(108, 0.22576088147810197)	(110, 0.2271391468136137)	(112, 0.22850530533388047)	(114, 0.22996385797048996)	(116, 0.23176076423315434)	(118, 0.23395592099729573)	(120, 0.23700046643098732)	(122, 0.2407828903938156)	(124, 0.24498650408700595)	(126, 0.2504071713127101)	(128, 0.25628853471852286)	(130, 0.2622138649796988)	(132, 0.26764918782385727)	(134, 0.2713984773449627)	(136, 0.27409256233735446)
mehreen_1011_MERGE_2_val_2 - polyg	(1, 0.1235195299403994)	(2, 0.12476622750903785)	(3, 0.12672235536078247)	(4, 0.1278414148450127)	(5, 0.12907475493970147)	(6, 0.1304431539376594)	(7, 0.13144051199257015)	(8, 0.13247348997801345)	(9, 0.13327493841499533)	(10, 0.1344815635617847)	(12, 0.13597166398906207)	(14, 0.13692672337646547)	(16, 0.1377689863171825)	(18, 0.13849251615612446)	(20, 0.1391692948362425)	(22, 0.13981119566771408)	(24, 0.14039744035772858)	(26, 0.14101188415941468)	(28, 0.14163449086184782)	(30, 0.14232017452459897)	(32, 0.14295910702852618)	(34, 0.14361659157960574)	(36, 0.14432082728950923)	(38, 0.14507107207635062)	(40, 0.14582057478130586)	(42, 0.1465619145855141)	(44, 0.1473299693376217)	(46, 0.14814477524855327)	(48, 0.14900707440019487)	(50, 0.14987382604315302)	(52, 0.1507146048200979)	(54, 0.1515249582397129)	(56, 0.15235460578836635)	(58, 0.15317905876381713)	(60, 0.15404877873431969)	(62, 0.1548576479901625)	(64, 0.15566132267280264)	(66, 0.15645683445469577)	(68, 0.15728054534826041)	(70, 0.15815545989196564)	(72, 0.15921218449776395)	(74, 0.16068670120543338)	(76, 0.16161875605436782)	(78, 0.16257678376931559)	(80, 0.16345540872245126)	(82, 0.164365943196689)	(84, 0.16517035996121524)	(86, 0.16604824283246483)	(88, 0.16692835194937267)	(90, 0.16776913072631755)	(92, 0.16860248868440147)	(94, 0.16943733080625756)	(96, 0.17023803716135333)	(98, 0.17104542225342395)	(100, 0.17184316028097535)	(102, 0.17268987571300898)	(104, 0.17355662735596714)	(106, 0.17449313469621816)	(108, 0.17547936152283752)	(110, 0.1766065839078148)	(112, 0.17766701892304357)	(114, 0.17879498338990693)	(116, 0.18014037784939596)	(118, 0.18176776342560078)	(120, 0.18383594564214564)	(122, 0.1863612503005246)	(124, 0.1890282925991476)	(126, 0.19212500030981916)	(128, 0.1955549027873471)	(130, 0.19867832544591812)	(132, 0.2014752320746076)	(134, 0.20371186687929588)	(136, 0.2053548361751087)
mehreen_1014_MERGE_2_val_2 - polyg	(1, 0.09287213153979548)	(2, 0.0940296514103036)	(3, 0.0958508160065697)	(4, 0.09677047689192242)	(5, 0.09774460930059317)	(6, 0.09884765764778326)	(7, 0.09967108550860747)	(8, 0.10064884935216609)	(9, 0.10121716891211752)	(10, 0.10224531891474531)	(12, 0.1035004335978649)	(14, 0.10431886823571829)	(16, 0.10496390185767596)	(18, 0.10555718753248149)	(20, 0.10602337298621162)	(22, 0.10645551373786798)	(24, 0.10685406371681155)	(26, 0.10722537793409612)	(28, 0.10762574363048363)	(30, 0.10806696296935966)	(32, 0.10846823652446914)	(34, 0.10890537049909632)	(36, 0.10931935407631335)	(38, 0.10971245690292514)	(40, 0.11014459765458148)	(42, 0.11054042405735917)	(44, 0.11095803906946405)	(46, 0.111401528055145)	(48, 0.11189812677606104)	(50, 0.11235750328937641)	(52, 0.11281370229716492)	(54, 0.11323903410840652)	(56, 0.11367162878942386)	(58, 0.11410513132916318)	(60, 0.11458629645180576)	(62, 0.11501208219240837)	(64, 0.11543559828620603)	(66, 0.11588998157655059)	(68, 0.11633120091542663)	(70, 0.11681055032062529)	(72, 0.11774609873361244)	(74, 0.11951233787719953)	(76, 0.12003072520744276)	(78, 0.12054684289088109)	(80, 0.12101166655652827)	(82, 0.1214837530919512)	(84, 0.12190999276191476)	(86, 0.12234803459526392)	(88, 0.12278607642861306)	(90, 0.1231778174671419)	(92, 0.1236031492783835)	(94, 0.12402348786665429)	(96, 0.12447877901572083)	(98, 0.12493407016478733)	(100, 0.12537937486791223)	(102, 0.1258251335003981)	(104, 0.12631129184601153)	(106, 0.12686054637280164)	(108, 0.12763948915624945)	(110, 0.1285282828450553)	(112, 0.12950468490053096)	(114, 0.13046610728709418)	(116, 0.1316926244204718)	(118, 0.1333644462569743)	(120, 0.13577844259868493)	(122, 0.13881023680069424)	(124, 0.142021787029653)	(126, 0.1460608504836849)	(128, 0.15046941243755735)	(130, 0.15473907200696885)	(132, 0.15879856228224498)	(134, 0.16148083087629694)	(136, 0.16343181926980432)
mehreen_1015_MERGE_2_val_2 - polyg	(1, 0.13404482326276704)	(2, 0.13520734160472309)	(3, 0.1369161359268113)	(4, 0.13815938470918096)	(5, 0.1392048439125373)	(6, 0.1405691883555274)	(7, 0.14151642552304713)	(8, 0.14275563778339614)	(9, 0.14364232712060568)	(10, 0.14496899735806945)	(12, 0.14681301516785042)	(14, 0.1480306993107558)	(16, 0.14890191531355274)	(18, 0.149739493632844)	(20, 0.15055218006634102)	(22, 0.15133324707734278)	(24, 0.15204703872133316)	(26, 0.15281532341260273)	(28, 0.15359975419195504)	(30, 0.15437342091258552)	(32, 0.1551329598061436)	(34, 0.1559268091368775)	(36, 0.15670316687218844)	(38, 0.1575467999745107)	(40, 0.1583756324960905)	(42, 0.1592764496603724)	(44, 0.1602008132031083)	(46, 0.16110163036739025)	(48, 0.16205290405693068)	(50, 0.1629691945556252)	(52, 0.1638780847639485)	(54, 0.16474324598371443)	(56, 0.16566559126543995)	(58, 0.16656169915403107)	(60, 0.16744771573757053)	(62, 0.16836871551195587)	(64, 0.1692816422422998)	(66, 0.17024367999056206)	(68, 0.17117006179430833)	(70, 0.17212739026687976)	(72, 0.17347895239013772)	(74, 0.1754413748458587)	(76, 0.1765480546331953)	(78, 0.17764397036181015)	(80, 0.17858851651464946)	(82, 0.17960370180285068)	(84, 0.1805455569410095)	(86, 0.1815197042553338)	(88, 0.1824750144668949)	(90, 0.18342225163441467)	(92, 0.1843829438753367)	(94, 0.18537054626306326)	(96, 0.18630163734250027)	(98, 0.18724416523432924)	(100, 0.18817794732844673)	(102, 0.1891144204372447)	(104, 0.19008856775156896)	(106, 0.19110778956179086)	(108, 0.1922178331174781)	(110, 0.1934691549438891)	(112, 0.19476487851252763)	(114, 0.19610971309908445)	(116, 0.19766915610640745)	(118, 0.19938400521152666)	(120, 0.20180053639457424)	(122, 0.204787562689878)	(124, 0.2080396539312065)	(126, 0.21186964057516242)	(128, 0.2161026066675163)	(130, 0.22039477508284022)	(132, 0.22423619853918805)	(134, 0.2269803607595809)	(136, 0.22908877076171646)
mehreen_1016_MERGE_2_val_2 - polyg	(1, 0.16336314157368856)	(2, 0.165300474622667)	(3, 0.16821993482205397)	(4, 0.16982623618175766)	(5, 0.1714245608742499)	(6, 0.17303983598456646)	(7, 0.17434402107363686)	(8, 0.17596228743415773)	(9, 0.17697831542021486)	(10, 0.178485905523177)	(12, 0.1805453812888306)	(14, 0.18176880262238518)	(16, 0.1826083468463892)	(18, 0.18339355002501534)	(20, 0.1839349663119918)	(22, 0.18436171800780382)	(24, 0.18470471469789573)	(26, 0.18506316618070984)	(28, 0.18539768766188958)	(30, 0.18569780976571998)	(32, 0.18597599603471895)	(34, 0.18624620563650648)	(36, 0.18657374753387623)	(38, 0.18684046734375875)	(40, 0.18708973819411626)	(42, 0.18730311404202227)	(44, 0.1875374286413583)	(46, 0.18776675782368718)	(48, 0.18798811033880464)	(50, 0.18821793806283427)	(52, 0.18845424682897316)	(54, 0.1886880628866085)	(56, 0.18891589644383525)	(58, 0.18913575333385055)	(60, 0.1893670766829823)	(62, 0.189563502113064)	(64, 0.18976939983545932)	(66, 0.1899688165157453)	(68, 0.19018767632235917)	(70, 0.19041899967149092)	(72, 0.19160154058558687)	(74, 0.19430612931196567)	(76, 0.19455739432912605)	(78, 0.19483807330662858)	(80, 0.1950718893642639)	(82, 0.1952752943781556)	(84, 0.19545626501551516)	(86, 0.1956467079451883)	(88, 0.19583216545785426)	(90, 0.19600515942800234)	(92, 0.19621354985890124)	(94, 0.19642642716510653)	(96, 0.19662983217899827)	(98, 0.1968412138601014)	(100, 0.19709098325215962)	(102, 0.1974035688985079)	(104, 0.19781037892629133)	(106, 0.19832686812823208)	(108, 0.19905573609467736)	(110, 0.19996707032358438)	(112, 0.20096664643351791)	(114, 0.20222396860272113)	(116, 0.20399777997386503)	(118, 0.20637831659477912)	(120, 0.21007450476388004)	(122, 0.214909362177414)	(124, 0.22020337649730642)	(126, 0.2271984151000384)	(128, 0.2351710939778725)	(130, 0.24299670305399568)	(132, 0.25024500084069085)	(134, 0.2550220274169419)	(136, 0.25814389554681916)
mehreen_1018_MERGE_1_val_1 - polyg	(1, 0.009726644490809325)	(2, 0.01158854838570737)	(3, 0.013015555020483243)	(4, 0.013997210134076316)	(5, 0.01539599026398849)	(6, 0.016723681418688387)	(7, 0.017946829962781994)	(8, 0.01954005934842187)	(9, 0.02146468880968369)	(10, 0.023316138443521105)	(12, 0.025288334792608787)	(14, 0.027069218164286958)	(16, 0.028751831481995213)	(18, 0.03011663526346034)	(20, 0.031461053235857246)	(22, 0.032824288878163285)	(24, 0.03402652890013563)	(26, 0.03522040551325947)	(28, 0.036424213674390915)	(30, 0.0375438650339843)	(32, 0.03858563214867598)	(34, 0.03967444343814051)	(36, 0.04080820805016573)	(38, 0.04180554455534975)	(40, 0.04276367758155641)	(42, 0.04370978820754334)	(44, 0.0446313313200378)	(46, 0.04560253217257024)	(48, 0.0465538699290875)	(50, 0.04744091398008187)	(52, 0.04831854919612169)	(54, 0.049179457594464494)	(56, 0.05004297955807246)	(58, 0.050982817627423016)	(60, 0.05192631468814479)	(62, 0.052842630670108935)	(64, 0.05379292300052012)	(66, 0.054733283782923706)	(68, 0.055809549959115475)	(70, 0.05771692988962726)	(72, 0.058750333595470446)	(74, 0.059701148638934665)	(76, 0.060568852306966875)	(78, 0.06147680488008252)	(80, 0.062286487399228235)	(82, 0.06309878348363912)	(84, 0.06392257925521669)	(86, 0.06477878323608222)	(88, 0.06555501211983394)	(90, 0.06633124100358564)	(92, 0.06709126578269338)	(94, 0.06777863344742975)	(96, 0.06853813551348445)	(98, 0.06929031959679671)	(100, 0.07019984030907145)	(102, 0.07122906231049039)	(104, 0.07237850831410655)	(106, 0.07363667863275326)	(108, 0.07489171267308178)	(110, 0.07627324327224393)	(112, 0.07780688336983821)	(114, 0.07938390865083411)	(116, 0.08158296246493746)	(118, 0.08457131298911828)	(120, 0.0877656124561935)	(122, 0.09147687513271685)	(124, 0.09563087576515783)	(126, 0.09941113656468131)	(128, 0.10284483861004494)	(130, 0.10579084937693023)	(132, 0.10790417825033641)	(134, 0.10962860861228717)	(136, 0.11109325058688131)
mehreen_1018_MERGE_2_val_2 - polyg	(1, 0.15924766788435113)	(2, 0.1624613077343885)	(3, 0.1673120848665204)	(4, 0.16932871182511577)	(5, 0.17115298038019555)	(6, 0.17303892907553303)	(7, 0.17428612242006608)	(8, 0.1756901296805086)	(9, 0.17673346493435937)	(10, 0.17849971234055267)	(12, 0.18077455954734556)	(14, 0.18218274851221228)	(16, 0.18336303458595732)	(18, 0.18442675564887634)	(20, 0.18533784450031016)	(22, 0.186150140584721)	(24, 0.18689605211139693)	(26, 0.1876299412378531)	(28, 0.18842080608708967)	(30, 0.18927596464184915)	(32, 0.1901143963789116)	(34, 0.19091257921089064)	(36, 0.1917959642705138)	(38, 0.19259362438943978)	(40, 0.19340696589995673)	(42, 0.19423807965427675)	(44, 0.195089579217665)	(46, 0.19598969109498515)	(48, 0.19690705250305535)	(50, 0.1978400953027165)	(52, 0.19881809142493836)	(54, 0.19979347398189506)	(56, 0.200722857790185)	(58, 0.20159003874516418)	(60, 0.20254189921473445)	(62, 0.2034550789183804)	(64, 0.20439230342246578)	(66, 0.20535357272699065)	(68, 0.2063216373012049)	(70, 0.20734092775461624)	(72, 0.20866809619626311)	(74, 0.21048818304691863)	(76, 0.2116057435542999)	(78, 0.21272800847915843)	(80, 0.2137211632799182)	(82, 0.21470543195877642)	(84, 0.21572994954271807)	(86, 0.21675080813528852)	(88, 0.2177810755628135)	(90, 0.21880350229454304)	(92, 0.2197417722247345)	(94, 0.22066122448501685)	(96, 0.22165490199882962)	(98, 0.2226930101221501)	(100, 0.22380900249037225)	(102, 0.22491558602363984)	(104, 0.2262160960995821)	(106, 0.2276237623513958)	(108, 0.22940935014055125)	(110, 0.23178926267100347)	(112, 0.2342888764905999)	(114, 0.23722861470084883)	(116, 0.2409278549771524)	(118, 0.24569395259469323)	(120, 0.2529575731796183)	(122, 0.26313584174824683)	(124, 0.27422833544662734)	(126, 0.2889698889682205)	(128, 0.3068602659212751)	(130, 0.3237323978470244)	(132, 0.33869871798142104)	(134, 0.350214086539704)	(136, 0.35649448387187693)
mehreen_1020_MERGE_2_val_2 - polyg	(1, 0.10923251255307813)	(2, 0.11178605791277717)	(3, 0.11588849336811861)	(4, 0.11757260402766631)	(5, 0.11906226528126755)	(6, 0.12047593481300466)	(7, 0.12154317149506706)	(8, 0.1225366515059084)	(9, 0.12322728215461475)	(10, 0.12456607748980926)	(12, 0.12637535098536845)	(14, 0.12751857938929498)	(16, 0.12846288828598895)	(18, 0.12926694775483072)	(20, 0.1298804691563514)	(22, 0.1304504070703324)	(24, 0.1309655862435583)	(26, 0.13151987880303784)	(28, 0.1320333816882815)	(30, 0.13252006396580837)	(32, 0.13304865344289268)	(34, 0.1335448346856526)	(36, 0.13403598706446562)	(38, 0.1345059064621695)	(40, 0.13503561346457535)	(42, 0.13551391430219076)	(44, 0.13599947905439613)	(46, 0.13647554484136848)	(48, 0.13697675494807526)	(50, 0.13744667434577917)	(52, 0.13794397311386059)	(54, 0.13843680178065593)	(56, 0.13892236653286127)	(58, 0.13942692921553262)	(60, 0.13994378467674087)	(62, 0.14046008137528834)	(64, 0.14093894097556453)	(66, 0.1414485325221828)	(68, 0.14198159210055322)	(70, 0.14257052794500025)	(72, 0.1434874574713167)	(74, 0.1451481000991122)	(76, 0.14573256584227307)	(78, 0.14639525835794115)	(80, 0.14697301894917283)	(82, 0.14754686820177915)	(84, 0.1480715463402381)	(86, 0.1486543357954167)	(88, 0.14918180774717948)	(90, 0.14969251681911927)	(92, 0.15020881351766674)	(94, 0.150725668978875)	(96, 0.1512805203010153)	(98, 0.15180966854076036)	(100, 0.1524075445877796)	(102, 0.1531009690497898)	(104, 0.15392402644909758)	(106, 0.1549035373934198)	(108, 0.15634402753287366)	(110, 0.15857572559997168)	(112, 0.16097114112667404)	(114, 0.1638677667600832)	(116, 0.1679500867596371)	(118, 0.1734801608132348)	(120, 0.18262989938327243)	(122, 0.19557307765724807)	(124, 0.20977570696858952)	(126, 0.2282735448532366)	(128, 0.24986245777723923)	(130, 0.2698600146433813)	(132, 0.28741577868197743)	(134, 0.2997566108076477)	(136, 0.30644946995829875)
mehreen_1021_MERGE_2_val_2 - polyg	(1, 0.1356105304299461)	(2, 0.13842719274407594)	(3, 0.14234642633473482)	(4, 0.14424523534894454)	(5, 0.14597653613591885)	(6, 0.14766997547427144)	(7, 0.1489377603447861)	(8, 0.15018718814930232)	(9, 0.15110389413259753)	(10, 0.15268833839158463)	(12, 0.15475006636653016)	(14, 0.15607923267647697)	(16, 0.1572242546681273)	(18, 0.15825626597222497)	(20, 0.15898137007916185)	(22, 0.15969270638659994)	(24, 0.1603495451543553)	(26, 0.16103793512929537)	(28, 0.16167354853949004)	(30, 0.16232694535737066)	(32, 0.1629665743757525)	(34, 0.1636062033941343)	(36, 0.16425328997057798)	(38, 0.1648871824058353)	(40, 0.16547919778428377)	(42, 0.16616758775922386)	(44, 0.16682557384360408)	(46, 0.16751281650191926)	(48, 0.16822874207585697)	(50, 0.16897105593216732)	(52, 0.1697323005127886)	(54, 0.1704614202279126)	(56, 0.1712679838152174)	(58, 0.17204758546183704)	(60, 0.17287250611514024)	(62, 0.1736945584768812)	(64, 0.17444834549944058)	(66, 0.17524974616193334)	(68, 0.17609359753954737)	(70, 0.17697072109928352)	(72, 0.17813926308174433)	(74, 0.1797684526891025)	(76, 0.18074137718701783)	(78, 0.1817011075437468)	(80, 0.18253176478017447)	(82, 0.18340372541509858)	(84, 0.18423151435996404)	(86, 0.1850552876966423)	(88, 0.1858457888511985)	(90, 0.1866466158553788)	(92, 0.18750538234911657)	(94, 0.18835669128479246)	(96, 0.18922693094477921)	(98, 0.19005758818120694)	(100, 0.19085325226057515)	(102, 0.1917074294878133)	(104, 0.19267519106091657)	(106, 0.19383512816869058)	(108, 0.19530484076518767)	(110, 0.19685716015867755)	(112, 0.19823852937505732)	(114, 0.1997747863357986)	(116, 0.2018061104201843)	(118, 0.20441682940014455)	(120, 0.2078146075847863)	(122, 0.21180095919800182)	(124, 0.21622730673686652)	(126, 0.22211418833922913)	(128, 0.22870265405771814)	(130, 0.23528997245958228)	(132, 0.24188188012794598)	(134, 0.24622332623656812)	(136, 0.24912087437275338)
mehreen_1023_MERGE_2_val_2 - polyg	(1, 0.20698580338167208)	(2, 0.2097774035683743)	(3, 0.21450778542320376)	(4, 0.21677051542068898)	(5, 0.21888845033156726)	(6, 0.22112541171194447)	(7, 0.22283104874909437)	(8, 0.2248864027327103)	(9, 0.2261318858929313)	(10, 0.22820932726263982)	(12, 0.23096963698571088)	(14, 0.23266975217633765)	(16, 0.23385817625581945)	(18, 0.2349950631010852)	(20, 0.23587487731377332)	(22, 0.23657983305322847)	(24, 0.2371387666290715)	(26, 0.23768420235785792)	(28, 0.23819650700750544)	(30, 0.2387664842763948)	(32, 0.23934198339180723)	(34, 0.23988067019706538)	(36, 0.24044267146542125)	(38, 0.24097092811613569)	(40, 0.24146298599519833)	(42, 0.24199615095393334)	(44, 0.24250047960304746)	(46, 0.242987015635587)	(48, 0.24345391843604422)	(50, 0.24396376893168148)	(52, 0.244454599733739)	(54, 0.24492641084221684)	(56, 0.24543258010683866)	(58, 0.24592463798590133)	(60, 0.2463946084788714)	(62, 0.24689648297397523)	(64, 0.2473719753134685)	(66, 0.2478873476556289)	(68, 0.2483941304587533)	(70, 0.248937725572032)	(72, 0.24973041731735493)	(74, 0.2511360340267472)	(76, 0.2517630703763757)	(78, 0.2524164888816148)	(80, 0.2529330883007803)	(82, 0.2534699344905308)	(84, 0.2539957369872349)	(86, 0.25449883855934385)	(88, 0.2549951912079245)	(90, 0.2555099500115824)	(92, 0.2559774663505422)	(94, 0.25651308546328744)	(96, 0.2571051501182694)	(98, 0.25765119938555836)	(100, 0.258223630808458)	(102, 0.2588819576217176)	(104, 0.25973538967879517)	(106, 0.2607023263588485)	(108, 0.2620766526046096)	(110, 0.2639074514962842)	(112, 0.2658646393194886)	(114, 0.2682832080966271)	(116, 0.2716208575506184)	(118, 0.2760211556910641)	(120, 0.2829958613883017)	(122, 0.29212838199908464)	(124, 0.30224563190649556)	(126, 0.3156103411080196)	(128, 0.33097027751990754)	(130, 0.345648572655438)	(132, 0.3591648258670974)	(134, 0.3682390603201361)	(136, 0.37397012347266034)
mehreen_1024_MERGE_2_val_2 - polyg	(1, 0.1291091284932992)	(2, 0.1319051821059496)	(3, 0.13608302737491623)	(4, 0.13799516726485778)	(5, 0.1399157253807299)	(6, 0.14158974973720703)	(7, 0.1429222346416443)	(8, 0.14425952996089902)	(9, 0.14514224107990348)	(10, 0.14676395217524071)	(12, 0.14880717586895814)	(14, 0.15014447118821286)	(16, 0.15128995121662125)	(18, 0.15227728885790554)	(20, 0.15294232870641983)	(22, 0.15360376074382098)	(24, 0.1541605662589423)	(26, 0.1547726915444645)	(28, 0.15530845149475944)	(30, 0.15591877287472505)	(32, 0.15648519921948134)	(34, 0.15704741645127232)	(36, 0.15758197379786293)	(38, 0.15812434806853187)	(40, 0.15867874837624446)	(42, 0.15919646927097392)	(44, 0.15976409821943457)	(46, 0.1603299232623387)	(48, 0.16094505505712176)	(50, 0.1615301217592957)	(52, 0.1620953455003476)	(54, 0.16260885728211177)	(56, 0.16313740161018053)	(58, 0.16367015505121457)	(60, 0.16419749677557893)	(62, 0.16473145282031734)	(64, 0.16527502969469066)	(66, 0.1658156000598031)	(68, 0.16634294178416748)	(70, 0.16693702801412413)	(72, 0.16900249987637234)	(74, 0.17367641917338986)	(76, 0.1742999691941035)	(78, 0.1749223166111128)	(80, 0.1755290301799653)	(82, 0.17605216279136443)	(84, 0.1765662758749808)	(86, 0.17704912126228362)	(88, 0.17755421481811726)	(90, 0.17810681122027333)	(92, 0.1786347542464899)	(94, 0.1791548803486281)	(96, 0.1797152936748625)	(98, 0.18024383800293128)	(100, 0.18078621227360023)	(102, 0.1813953310498615)	(104, 0.18215297138361192)	(106, 0.18303748640817294)	(108, 0.18411802583654557)	(110, 0.18565615597442936)	(112, 0.18720571084750465)	(114, 0.1889085976928866)	(116, 0.19111838199965864)	(118, 0.19425116464953146)	(120, 0.19896717507620176)	(122, 0.20448111306071878)	(124, 0.2102578199546397)	(126, 0.21783542589584837)	(128, 0.22653987150804772)	(130, 0.2350266458497569)	(132, 0.2432025471338875)	(134, 0.24845672271826152)	(136, 0.2516267860829696)
mehreen_1025_MERGE_2_val_2 - polyg	(1, 0.15781909546037792)	(2, 0.15940921842497638)	(3, 0.16178588000759217)	(4, 0.16311666438761216)	(5, 0.1645314598584111)	(6, 0.1661215828230096)	(7, 0.1673281768949216)	(8, 0.1686626139310624)	(9, 0.16968292254081244)	(10, 0.1711963397268736)	(12, 0.1731888636407828)	(14, 0.1744374632580843)	(16, 0.17538898017755877)	(18, 0.1762966652235834)	(20, 0.17710268467424511)	(22, 0.17788739696420203)	(24, 0.1785954034756216)	(26, 0.17926749220185312)	(28, 0.18003089733110522)	(30, 0.18079125858025663)	(32, 0.18156196902175037)	(34, 0.1822961529020359)	(36, 0.18306747211954977)	(38, 0.18385096685746638)	(40, 0.1846636828443496)	(42, 0.18545083023838707)	(44, 0.18629337625025702)	(46, 0.18712983450192558)	(48, 0.18801195095510442)	(50, 0.188817361629746)	(52, 0.18968425868242145)	(54, 0.19056759268764056)	(56, 0.19146492854132285)	(58, 0.19233243437001843)	(60, 0.19326568800888883)	(62, 0.1941532834462489)	(64, 0.1950573158361527)	(66, 0.1959710886423787)	(68, 0.19687268592820195)	(70, 0.19780593956707235)	(72, 0.19945267870154357)	(74, 0.202737025330184)	(76, 0.20386630484753857)	(78, 0.20493227165879888)	(80, 0.20596658211701202)	(82, 0.20698567317472177)	(84, 0.20795971480694136)	(86, 0.20893375643916096)	(88, 0.2098846645826153)	(90, 0.21080391637302254)	(92, 0.2117219506113895)	(94, 0.21263146198547453)	(96, 0.21359271932127122)	(98, 0.21453388704840343)	(100, 0.2154823600877772)	(102, 0.21643996476745309)	(104, 0.21750349647463285)	(106, 0.2186766078654373)	(108, 0.2199921728449539)	(110, 0.22165900158808965)	(112, 0.22339705712558144)	(114, 0.22538288450326915)	(116, 0.2278879978261339)	(118, 0.23097997123241093)	(120, 0.23574729624610563)	(122, 0.24239756549008484)	(124, 0.2497692343179267)	(126, 0.2598834391164868)	(128, 0.27187571793717025)	(130, 0.28330122628310594)	(132, 0.2931707031215709)	(134, 0.30035852159133125)	(136, 0.3045548146981373)
mehreen_1027_MERGE_2_val_2 - polyg	(1, 0.13979763365916906)	(2, 0.14144512126799683)	(3, 0.14414145015570615)	(4, 0.14560095313531898)	(5, 0.14704189969230547)	(6, 0.14858127596931006)	(7, 0.14970595654066457)	(8, 0.15114770989863482)	(9, 0.15194724967353604)	(10, 0.15326959648591054)	(12, 0.15514218156920595)	(14, 0.15624951591940975)	(16, 0.15706236791054295)	(18, 0.1577876819949387)	(20, 0.15835647668848601)	(22, 0.1588591137013654)	(24, 0.1592677583996373)	(26, 0.1596626874811854)	(28, 0.16003139553076146)	(30, 0.16038679136410555)	(32, 0.16075590281417346)	(34, 0.16112582106522516)	(36, 0.16150582432857374)	(38, 0.16189470240274367)	(40, 0.162262603651336)	(42, 0.16262203348959886)	(44, 0.16297581572097544)	(46, 0.16331870613907132)	(48, 0.16367006796749664)	(50, 0.16403191820871077)	(52, 0.1643808596341848)	(54, 0.16473544866654516)	(56, 0.16508842409693797)	(58, 0.16542243970421255)	(60, 0.16580284636805304)	(62, 0.166171957818121)	(64, 0.1665317910568757)	(66, 0.16690453311137055)	(68, 0.16727243435996286)	(70, 0.16764194921052264)	(72, 0.16817201745684968)	(74, 0.1690566747355371)	(76, 0.1694564446229877)	(78, 0.16985419750797892)	(80, 0.17020878654033927)	(82, 0.17054118854564634)	(84, 0.17086390893914835)	(86, 0.17120236195183358)	(88, 0.1715400081635351)	(90, 0.17186676256195588)	(92, 0.17221610738792179)	(94, 0.17259691745225417)	(96, 0.17298297172298094)	(98, 0.17333312334993062)	(100, 0.17373491023984064)	(102, 0.17422383163599617)	(104, 0.1747801209142953)	(106, 0.1754041814752298)	(108, 0.17618718182996407)	(110, 0.17719205245523095)	(112, 0.1782893017931378)	(114, 0.1796148758094473)	(116, 0.18143824603273367)	(118, 0.18378886069890393)	(120, 0.18745899837400556)	(122, 0.19219209634520446)	(124, 0.19734755463139908)	(126, 0.20465717154421967)	(128, 0.2130563731856014)	(130, 0.2216605022768569)	(132, 0.2295619077112618)	(134, 0.2347379394225422)	(136, 0.23794981413887098)
mehreen_1028_MERGE_2_val_2 - polyg	(1, 0.20174431358223005)	(2, 0.20389688798665218)	(3, 0.20668066841943872)	(4, 0.20830839385522087)	(5, 0.21012802442050577)	(6, 0.21200892590063186)	(7, 0.2133141119922498)	(8, 0.2147140945936221)	(9, 0.21576726069589308)	(10, 0.21747186378897604)	(12, 0.2197406217205971)	(14, 0.22090708121257452)	(16, 0.22175620360787424)	(18, 0.22248336220098996)	(20, 0.22309549332190381)	(22, 0.2236532898579584)	(24, 0.22413709887420474)	(26, 0.2246555895403612)	(28, 0.22516309768404613)	(30, 0.22565557711277)	(32, 0.2261359179640253)	(34, 0.2266665472076503)	(36, 0.22717636746132924)	(38, 0.22770179445746774)	(40, 0.22820641246366014)	(42, 0.22872952734980462)	(44, 0.2292647808134176)	(46, 0.22982893565195578)	(48, 0.23035436264809425)	(50, 0.23091736143163538)	(52, 0.23146648755521249)	(54, 0.232006943266312)	(56, 0.2325641617748681)	(58, 0.23312138028342422)	(60, 0.23372310690936499)	(62, 0.23429766624287618)	(64, 0.23485315066893678)	(66, 0.23541730550747492)	(68, 0.23599128681348758)	(70, 0.23660110582440738)	(72, 0.2376606302291619)	(74, 0.23973690500378175)	(76, 0.24040510479205027)	(78, 0.24114035577014506)	(80, 0.2417380362035963)	(82, 0.24235421351699965)	(84, 0.24298599757286254)	(86, 0.24355535465888717)	(88, 0.2441466767898549)	(90, 0.24477210254323428)	(92, 0.24538827985663764)	(94, 0.24599694281256043)	(96, 0.24666340851833346)	(98, 0.24731542353664393)	(100, 0.24799171570989148)	(102, 0.2486830365981001)	(104, 0.24949689931599117)	(106, 0.250386483636186)	(108, 0.25147433138836717)	(110, 0.2528338520648443)	(112, 0.2542095575112795)	(114, 0.2557812142797069)	(116, 0.2577187624546863)	(118, 0.2601487900583894)	(120, 0.2636799600467393)	(122, 0.2681764359575878)	(124, 0.2733029618418037)	(126, 0.2799121282596777)	(128, 0.28691377534903467)	(130, 0.2936818993289968)	(132, 0.29970436783589105)	(134, 0.30391125196998997)	(136, 0.30657942690307605)
mehreen_1029_MERGE_2_val_2 - polyg	(1, 0.19609635810890294)	(2, 0.19790391976828758)	(3, 0.2005812642324232)	(4, 0.20241999074800415)	(5, 0.20411989199507435)	(6, 0.2058637073576939)	(7, 0.20709471917744726)	(8, 0.2086572117403793)	(9, 0.20968706857922934)	(10, 0.21138838641067212)	(12, 0.213769664740943)	(14, 0.21514091841357963)	(16, 0.2161325274743706)	(18, 0.21707951412742596)	(20, 0.21787563454480385)	(22, 0.21866821350125032)	(24, 0.21941829492652007)	(26, 0.22024203873916284)	(28, 0.22099991137848163)	(30, 0.22174078500532973)	(32, 0.2225794029538844)	(34, 0.22339323067591926)	(36, 0.2242389315463367)	(38, 0.22508038266363645)	(40, 0.22592608353405388)	(42, 0.22679303317005972)	(44, 0.22774001982311506)	(46, 0.22862184359503274)	(48, 0.229565997079343)	(50, 0.23045844523405487)	(52, 0.2314167645620907)	(54, 0.2323835833963619)	(56, 0.23334119443221146)	(58, 0.23425064159939402)	(60, 0.23520187800556705)	(62, 0.2362019865725934)	(64, 0.2372290102426983)	(66, 0.23824824269875416)	(68, 0.23932130536096724)	(70, 0.24041278362002358)	(72, 0.24186053284877837)	(74, 0.2441504414870192)	(76, 0.2452745011866444)	(78, 0.24645947401428958)	(80, 0.24755449373427732)	(82, 0.24859639154029411)	(84, 0.24961349911979114)	(86, 0.2506695627695335)	(88, 0.25163142355850077)	(90, 0.252684654039498)	(92, 0.2537166357549069)	(94, 0.2547677413593453)	(96, 0.25590950836362747)	(98, 0.25700736125236034)	(100, 0.2581215048613776)	(102, 0.2592632718656598)	(104, 0.26043407884957936)	(106, 0.26176850132852947)	(108, 0.2632778719774906)	(110, 0.2650160210026199)	(112, 0.26694682550241716)	(114, 0.26912269909866704)	(116, 0.27167255096927234)	(118, 0.2748435750872446)	(120, 0.27956363421660957)	(122, 0.2858008552089847)	(124, 0.29272228645330567)	(126, 0.3021850700619965)	(128, 0.31353899380805306)	(130, 0.32421295705528147)	(132, 0.3334660861768337)	(134, 0.34023452630891826)	(136, 0.34429304053629844)
mehreen_1030_MERGE_1_val_1 - polyg	(1, 0.01534478634527135)	(2, 0.021707633686121015)	(3, 0.024697298096655034)	(4, 0.025614020634445303)	(5, 0.027309916873817237)	(6, 0.02816110143670811)	(7, 0.03005522982238068)	(8, 0.031211449157334162)	(9, 0.0331258053130374)	(10, 0.03462589673851239)	(12, 0.036258277779987996)	(14, 0.03771427266679611)	(16, 0.03920101376405084)	(18, 0.040445426176338076)	(20, 0.0416416964959523)	(22, 0.042904718456667754)	(24, 0.04400146814773104)	(26, 0.044938418455551986)	(28, 0.0457908166846447)	(30, 0.04666991557017791)	(32, 0.04753485501668965)	(34, 0.048380375803971934)	(36, 0.04921214170763336)	(38, 0.04996582841897637)	(40, 0.05067339581464945)	(42, 0.051324325454236625)	(44, 0.05198213253563423)	(46, 0.052662594719466195)	(48, 0.05335236167751227)	(50, 0.05397537699445711)	(52, 0.05459758320060073)	(54, 0.0552812818276376)	(56, 0.05592169302680883)	(58, 0.05661833742666533)	(60, 0.057287472059280115)	(62, 0.05792828781385195)	(64, 0.05858366756284588)	(66, 0.059286784849112206)	(68, 0.060143633187611664)	(70, 0.06153813565352652)	(72, 0.062279685702851126)	(74, 0.06290148735359413)	(76, 0.06349173368308927)	(78, 0.06414994531988749)	(80, 0.06477821985704031)	(82, 0.06536158874472503)	(84, 0.06594738496481342)	(86, 0.06652954018629631)	(88, 0.06712545029140005)	(90, 0.06772985605991666)	(92, 0.06830230195178481)	(94, 0.06887838884225848)	(96, 0.06944152995991253)	(98, 0.07009286415490032)	(100, 0.07078991311015742)	(102, 0.07157110958874216)	(104, 0.07263994495716312)	(106, 0.07389083025586017)	(108, 0.07519471231203759)	(110, 0.07698729729215617)	(112, 0.07908127604573181)	(114, 0.08149202167798786)	(116, 0.08525640968069681)	(118, 0.09093758117151265)	(120, 0.09750998820988013)	(122, 0.10506222842853359)	(124, 0.112828073898711)	(126, 0.11993853961989447)	(128, 0.12640697592030428)	(130, 0.13175479376101457)	(132, 0.1353901285909278)	(134, 0.1381249230990753)	(136, 0.14015255476695032)
mehreen_1030_MERGE_2_val_2 - polyg	(1, 0.22831650411185658)	(2, 0.232351539677576)	(3, 0.23862376660868823)	(4, 0.2407274546918786)	(5, 0.2431612599819696)	(6, 0.24568811301420174)	(7, 0.24735002659992214)	(8, 0.24929431985527079)	(9, 0.2506269253448918)	(10, 0.2528811080371104)	(12, 0.2558473082344088)	(14, 0.257467552613866)	(16, 0.2586423814972477)	(18, 0.25962626023153984)	(20, 0.26047299468502394)	(22, 0.2612100946249418)	(24, 0.2618104548394523)	(26, 0.262465025477645)	(28, 0.26310665034301806)	(30, 0.2637511070961954)	(32, 0.2643741224131403)	(34, 0.26500037417329003)	(36, 0.26563754892925634)	(38, 0.2662937377890515)	(40, 0.2669123029965896)	(42, 0.2675041675476872)	(44, 0.2680753997733535)	(46, 0.2686304497829953)	(48, 0.2692712655375671)	(50, 0.26988578519109907)	(52, 0.27052012805926107)	(54, 0.27116984403264643)	(56, 0.2717880046847839)	(58, 0.2724276067731539)	(60, 0.27302473054445947)	(62, 0.2736432957519976)	(64, 0.27426752473514426)	(66, 0.274893776495294)	(68, 0.2755475380226855)	(70, 0.27622516831871313)	(72, 0.2771196403094697)	(74, 0.2784231178102465)	(76, 0.2791638587487698)	(78, 0.27988922658206994)	(80, 0.2805781844293148)	(82, 0.28128251538178295)	(84, 0.2819516500143977)	(86, 0.282660026520872)	(88, 0.2833336112628936)	(90, 0.2840363239937593)	(92, 0.28470990873578084)	(94, 0.2854126214666465)	(96, 0.286210809272057)	(98, 0.2870187064070822)	(100, 0.28785856341875593)	(102, 0.28875789007431985)	(104, 0.28989671352704693)	(106, 0.2912827203295489)	(108, 0.29341877284478834)	(110, 0.29678265100088985)	(112, 0.30051588823775155)	(114, 0.3058790791836852)	(116, 0.31363723810125094)	(118, 0.32396027825870655)	(120, 0.34224860969884197)	(122, 0.3698619431231193)	(124, 0.40139663204554366)	(126, 0.4460902944837245)	(128, 0.5007878028682767)	(130, 0.5533039485327209)	(132, 0.599383213218003)	(134, 0.6337360350611012)	(136, 0.6512067600365967)
mehreen_1031_MERGE_2_val_2 - polyg	(1, 0.11008072440063205)	(2, 0.11196668246161771)	(3, 0.1153546310741668)	(4, 0.11660315287768026)	(5, 0.11811392699972068)	(6, 0.11944777491643907)	(7, 0.1203813429785637)	(8, 0.12146548653457942)	(9, 0.12229490654676273)	(10, 0.12357605304061925)	(12, 0.1252060327619901)	(14, 0.12629707769480913)	(16, 0.12728711156714292)	(18, 0.1281284521392593)	(20, 0.12877843635455577)	(22, 0.12944536031291495)	(24, 0.13005770065473865)	(26, 0.13069513691221085)	(28, 0.13129430189831903)	(30, 0.13191730800429335)	(32, 0.13255850864911284)	(34, 0.13319594490658504)	(36, 0.13385784968181452)	(38, 0.13451599006969675)	(40, 0.13518354142594718)	(42, 0.1358573667611097)	(44, 0.1365594250013768)	(46, 0.13731167507294095)	(48, 0.13804698540144236)	(50, 0.13877727654681404)	(52, 0.1395150964668803)	(54, 0.14026420954898838)	(56, 0.14103214456783283)	(58, 0.14177247407946392)	(60, 0.14256801460552176)	(62, 0.14337986747675113)	(64, 0.14415344907661648)	(66, 0.1449031895566158)	(68, 0.1456842999311757)	(70, 0.14654320764424603)	(72, 0.14755080865753378)	(74, 0.14893233881398432)	(76, 0.14984959453093744)	(78, 0.1507586940753048)	(80, 0.15160505383055084)	(82, 0.1524420026174287)	(84, 0.15323440615403047)	(86, 0.15403559326110922)	(88, 0.1548336433787319)	(90, 0.15569443328547583)	(92, 0.156555850590111)	(94, 0.1573539007077337)	(96, 0.15821531801236885)	(98, 0.15905916817605006)	(100, 0.15987917721986517)	(102, 0.16083721379974714)	(104, 0.1618912422569846)	(106, 0.16299671734130156)	(108, 0.16453007778742562)	(110, 0.16643862217249494)	(112, 0.1685259749565599)	(114, 0.17107885697590475)	(116, 0.17456279746580944)	(118, 0.17903614443015664)	(120, 0.18656303693103654)	(122, 0.19738125876921875)	(124, 0.20923719671946694)	(126, 0.22546860756303314)	(128, 0.24530379189372564)	(130, 0.26350962390093846)	(132, 0.28013253102862146)	(134, 0.29152795892671945)	(136, 0.29765010754917387)
mehreen_1032_MERGE_2_val_2 - polyg	(1, 0.1712932567731139)	(2, 0.17273367759920366)	(3, 0.17511093905706515)	(4, 0.17634153480218906)	(5, 0.1779724994855883)	(6, 0.17955242563577964)	(7, 0.180671870797473)	(8, 0.18189112464632848)	(9, 0.18284951488101023)	(10, 0.18432112592183814)	(12, 0.18635075825907246)	(14, 0.18755923730647295)	(16, 0.18851025530858023)	(18, 0.18927299783263168)	(20, 0.18998356763384838)	(22, 0.1906856310128638)	(24, 0.19138712729706575)	(26, 0.1920097974022022)	(28, 0.19264097392953994)	(30, 0.19330957871456347)	(32, 0.19401164209357885)	(34, 0.1946751430252816)	(36, 0.1953040511733657)	(38, 0.1960117855005153)	(40, 0.1967580822749775)	(42, 0.19750154357537264)	(44, 0.19823763264319333)	(46, 0.19901341834795344)	(48, 0.19987086570584622)	(50, 0.20067330486683715)	(52, 0.20151373938032735)	(54, 0.20228328704213983)	(56, 0.20310557452160052)	(58, 0.20388929955374857)	(60, 0.20476205847160373)	(62, 0.20556222925334094)	(64, 0.2063408504321682)	(66, 0.20720793840188917)	(68, 0.20807502637161013)	(70, 0.2090022263915537)	(72, 0.21029350128171365)	(74, 0.212344683221858)	(76, 0.21326167553516)	(78, 0.21426203078603492)	(80, 0.2151920662800456)	(82, 0.21611756501554896)	(84, 0.21698408589045648)	(86, 0.21788463245416928)	(88, 0.2187863132075089)	(90, 0.219652266987603)	(92, 0.22051141562993606)	(94, 0.22132803216126254)	(96, 0.22225126251751218)	(98, 0.22314330265902366)	(100, 0.2240183299561325)	(102, 0.22491547395096476)	(104, 0.22589030993523573)	(106, 0.2268866955224167)	(108, 0.22805434374325087)	(110, 0.22940459649400663)	(112, 0.23077129499435162)	(114, 0.2323523553341698)	(116, 0.23436213935293437)	(118, 0.23679894576620508)	(120, 0.24044763379575682)	(122, 0.2451760703500624)	(124, 0.25046593076965495)	(126, 0.25712645935328643)	(128, 0.26476692777450966)	(130, 0.2720620354543594)	(132, 0.2787872128467209)	(134, 0.28330525722524724)	(136, 0.286133926154592)
mehreen_1033_MERGE_2_val_2 - polyg	(1, 0.2030476394147386)	(2, 0.20555089037303276)	(3, 0.2090269016036318)	(4, 0.21092667082524405)	(5, 0.2129582474297778)	(6, 0.2147545315160385)	(7, 0.2160116035812567)	(8, 0.21745712752453622)	(9, 0.21857912425519024)	(10, 0.2202577620823144)	(12, 0.2224761565890881)	(14, 0.2237566489744122)	(16, 0.22480838474474857)	(18, 0.2256809278333446)	(20, 0.22635684916477256)	(22, 0.22706545001262735)	(24, 0.22766838709070214)	(26, 0.22823374272488606)	(28, 0.2287909284799633)	(30, 0.22936826660350368)	(32, 0.22997882890207805)	(34, 0.23056433690472516)	(36, 0.23116672932419283)	(38, 0.23185517780358444)	(40, 0.2324499450025525)	(42, 0.2330507034461988)	(44, 0.23364383666934552)	(46, 0.23426638145727635)	(48, 0.234964633791596)	(50, 0.23567160066362947)	(52, 0.23638401412173407)	(54, 0.2370321578641993)	(56, 0.23767431036198622)	(58, 0.2383420618143075)	(60, 0.23905338595519787)	(62, 0.23970044038044883)	(64, 0.24038562090819776)	(66, 0.24111546344172996)	(68, 0.24181861770351365)	(70, 0.2425446476267961)	(72, 0.24365411720948651)	(74, 0.245507045790887)	(76, 0.24634963265609175)	(78, 0.24716226329790525)	(80, 0.24788448061093787)	(82, 0.24861595712029147)	(84, 0.2493812024632861)	(86, 0.25011975953453214)	(88, 0.250852870019707)	(90, 0.2515936057253816)	(92, 0.2523163676970213)	(94, 0.25308978291912265)	(96, 0.2538316079420114)	(98, 0.2545865047714708)	(100, 0.25535501806610816)	(102, 0.25616002348742206)	(104, 0.25711698866012067)	(106, 0.25811970515581684)	(108, 0.2593871257345702)	(110, 0.26095955513330715)	(112, 0.2626632472563585)	(114, 0.26448458563854643)	(116, 0.2667438295408536)	(118, 0.2697808459341191)	(120, 0.2743200307658039)	(122, 0.280049294654032)	(124, 0.28640164798879797)	(126, 0.2947997390518827)	(128, 0.30466731903695987)	(130, 0.31421845237130414)	(132, 0.32286490775923266)	(134, 0.32840844306243494)	(136, 0.33171833341786433)
mehreen_1034_MERGE_2_val_2 - polyg	(1, 0.129903349077129)	(2, 0.13153126471362217)	(3, 0.13377939581368717)	(4, 0.135122996044249)	(5, 0.13646179770255878)	(6, 0.13784378651113663)	(7, 0.13875191630982883)	(8, 0.1398267964942783)	(9, 0.14060296555604032)	(10, 0.14182540183723896)	(12, 0.1434233263971571)	(14, 0.14443762460692494)	(16, 0.14520959491796648)	(18, 0.14593118022036194)	(20, 0.14654539746861878)	(22, 0.14713742132021007)	(24, 0.14772404677801787)	(26, 0.14832386830951866)	(28, 0.14891649198264145)	(30, 0.1495469044122488)	(32, 0.15017491755573015)	(34, 0.15081192802218402)	(36, 0.15144354009485433)	(38, 0.1520793509182452)	(40, 0.15274335335361658)	(42, 0.15343794668709448)	(44, 0.154165530204805)	(46, 0.15487511907657042)	(48, 0.1555871072344619)	(50, 0.1563326853981174)	(52, 0.15706926623880038)	(54, 0.1577584611784948)	(56, 0.15848784416079978)	(58, 0.1591770391004942)	(60, 0.15994720994694123)	(62, 0.1606639966770847)	(64, 0.16139337965938966)	(66, 0.1620819747775526)	(68, 0.16282275436895607)	(70, 0.1635833280708991)	(72, 0.16451785001697733)	(74, 0.16579367041447957)	(76, 0.16660762823272615)	(78, 0.16737899872223616)	(80, 0.1681539681409352)	(82, 0.16888215148017718)	(84, 0.16961873232086017)	(86, 0.1703811054873977)	(88, 0.17114587794006123)	(90, 0.17186926270705122)	(92, 0.17257285336350164)	(94, 0.17331663206256265)	(96, 0.1740424161156786)	(98, 0.1747897937439286)	(100, 0.1755281740492061)	(102, 0.17624016220709754)	(104, 0.1769575487587725)	(106, 0.17779489961674763)	(108, 0.17877440817768844)	(110, 0.17973712173574724)	(112, 0.18071663029668805)	(114, 0.18170393653753836)	(116, 0.18279021333108633)	(118, 0.18406123515633652)	(120, 0.18557458488031306)	(122, 0.18714731693590814)	(124, 0.18878243043077936)	(126, 0.19062688164014432)	(128, 0.19257450215292743)	(130, 0.19442435175607592)	(132, 0.19615363723139273)	(134, 0.19737967244178037)	(136, 0.19848214441667883)
mehreen_1035_MERGE_2_val_2 - polyg	(1, 0.17035298138803287)	(2, 0.17290171990534364)	(3, 0.17650820795199043)	(4, 0.1783310399295608)	(5, 0.18018728665261127)	(6, 0.1819156355567551)	(7, 0.18314276327869722)	(8, 0.18448280979571008)	(9, 0.18535044094559028)	(10, 0.18683163595644156)	(12, 0.18888145775675613)	(14, 0.19008669305924578)	(16, 0.19104650281734697)	(18, 0.19190779668791197)	(20, 0.1925657215040894)	(22, 0.19322595078547236)	(24, 0.19380206708685366)	(26, 0.194387401249057)	(28, 0.19499520394701425)	(30, 0.19559206043524527)	(32, 0.19621484215703844)	(34, 0.1968364716462288)	(36, 0.1974402415300764)	(38, 0.19806993664748612)	(40, 0.19869041390407377)	(42, 0.19935179541805947)	(44, 0.20002297090916868)	(46, 0.20068838523726407)	(48, 0.20137799645001744)	(50, 0.2021240670603062)	(52, 0.20283729904141623)	(54, 0.20352806248677235)	(56, 0.20415890983678486)	(58, 0.20481164960624987)	(60, 0.20553870837859303)	(62, 0.20623753745216852)	(64, 0.20694673661916888)	(66, 0.2076841654849369)	(68, 0.20842735551371877)	(70, 0.20918149175222683)	(72, 0.2102818738878651)	(74, 0.21199985269858407)	(76, 0.21288131063969742)	(78, 0.2137547029525914)	(80, 0.21450307802808571)	(82, 0.21526585601111453)	(84, 0.21602344894743092)	(86, 0.21680005372169286)	(88, 0.2175835718915714)	(90, 0.2183843735504914)	(92, 0.2191194979510539)	(94, 0.2198361866299722)	(96, 0.22067270749957782)	(98, 0.22145853013466188)	(100, 0.22225990790988326)	(102, 0.22304227384715902)	(104, 0.22394620032402623)	(106, 0.22498551413171808)	(108, 0.22638547674407458)	(110, 0.22791794610574878)	(112, 0.2295783132863296)	(114, 0.231289378701432)	(116, 0.23335360340928113)	(118, 0.23597147588275766)	(120, 0.2397496465872161)	(122, 0.24440524241867817)	(124, 0.2495649400138489)	(126, 0.2564138106046695)	(128, 0.2638992897085165)	(130, 0.27111572249961835)	(132, 0.27762353224002134)	(134, 0.2817802113544872)	(136, 0.2844983280644041)
mehreen_1036_MERGE_2_val_2 - polyg	(1, 0.1563020767489168)	(2, 0.15791106871544977)	(3, 0.1601265351858)	(4, 0.1615315704241809)	(5, 0.16290099417034476)	(6, 0.16444200056082706)	(7, 0.1656225754846279)	(8, 0.16695422946631916)	(9, 0.16796969656256833)	(10, 0.16948588282211147)	(12, 0.17137221277348613)	(14, 0.17253120497473123)	(16, 0.17338102467536481)	(18, 0.17420008899635647)	(20, 0.17487023253171324)	(22, 0.17554199477126173)	(24, 0.1761463110028234)	(26, 0.17675008766632117)	(28, 0.17736249741884128)	(30, 0.17798731723683095)	(32, 0.17859433130871208)	(34, 0.17927688490953844)	(36, 0.17991789176944495)	(38, 0.18059343098544067)	(40, 0.18124522920662506)	(42, 0.18191483317391793)	(44, 0.18263947308372808)	(46, 0.18333065977357674)	(48, 0.18407526370175092)	(50, 0.18483821294409758)	(52, 0.18558551471259124)	(54, 0.1863328164810849)	(56, 0.18706986645636464)	(58, 0.18781878692905)	(60, 0.18857903833107714)	(62, 0.18927508113350083)	(64, 0.1900261598784418)	(66, 0.19076860553436042)	(68, 0.1915245403918764)	(70, 0.19236195002704046)	(72, 0.19372220111611813)	(74, 0.19618317105554028)	(76, 0.19709450151545785)	(78, 0.1979955801821614)	(80, 0.19878496825963887)	(82, 0.19958244985807472)	(84, 0.20032651421818504)	(86, 0.20111698143179024)	(88, 0.20191392346216222)	(90, 0.20267525400031716)	(92, 0.20346733991811405)	(94, 0.20421733952692722)	(96, 0.20503694341598275)	(98, 0.205786403456732)	(100, 0.20658442462323176)	(102, 0.20738999974262604)	(104, 0.20824845253228197)	(106, 0.20915438731156055)	(108, 0.21023082559902984)	(110, 0.2115311846330152)	(112, 0.21282938539474502)	(114, 0.21419233432414217)	(116, 0.21572740546592162)	(118, 0.21767740444883582)	(120, 0.22045671954595564)	(122, 0.2238711062542791)	(124, 0.22772739920693208)	(126, 0.2325802743735979)	(128, 0.23804124274827265)	(130, 0.24329231914609253)	(132, 0.24790940306883652)	(134, 0.251063178402299)	(136, 0.25315886076246474)
mehreen_1037_MERGE_2_val_2 - polyg	(1, 0.13429427031512095)	(2, 0.1362016728729349)	(3, 0.13871986629283922)	(4, 0.14018177839461793)	(5, 0.14169527360183232)	(6, 0.14319352834607707)	(7, 0.14425098200750802)	(8, 0.14549132122457448)	(9, 0.14632485731468248)	(10, 0.14770060218351755)	(12, 0.14941222340933707)	(14, 0.1504726079290314)	(16, 0.15134248666160544)	(18, 0.15210392363843406)	(20, 0.15274167839654762)	(22, 0.15342046517034863)	(24, 0.15402304962930152)	(26, 0.15461273831189554)	(28, 0.15522763237555465)	(30, 0.15587417970845838)	(32, 0.15647207479418984)	(34, 0.15708345182793293)	(36, 0.15773879173562683)	(38, 0.158373615635477)	(40, 0.1590101980502852)	(42, 0.15969719122722376)	(44, 0.16041173447183812)	(46, 0.16106648820787933)	(48, 0.1617341377202795)	(50, 0.1624715416593483)	(52, 0.16320542856850107)	(54, 0.16389828346196636)	(56, 0.1646134128782334)	(58, 0.1653355763543326)	(60, 0.16604484405407288)	(62, 0.16676583518686672)	(64, 0.16747803374487036)	(66, 0.16820078339262223)	(68, 0.16893056710020626)	(70, 0.1696779359573706)	(72, 0.17285557248653757)	(74, 0.17970674676303705)	(76, 0.18058952127196998)	(78, 0.18146291703446005)	(80, 0.18228121266159844)	(82, 0.1830256506604994)	(84, 0.1837501588232093)	(86, 0.1844846319040147)	(88, 0.18521969115647283)	(90, 0.18596295681206843)	(92, 0.18669684372122117)	(94, 0.18746297007127122)	(96, 0.18826895609370334)	(98, 0.18905735696655512)	(100, 0.18981879394338375)	(102, 0.19058374795012842)	(104, 0.191499934243264)	(106, 0.19249408136620574)	(108, 0.19365939061172943)	(110, 0.19495717465075835)	(112, 0.19632647163141395)	(114, 0.19768638986562673)	(116, 0.19938980468830875)	(118, 0.20134058394842083)	(120, 0.2037433015527476)	(122, 0.20650417003686058)	(124, 0.20943737298686088)	(126, 0.21298957320208903)	(128, 0.21652711912600026)	(130, 0.21995387860755533)	(132, 0.2229058390504413)	(134, 0.224992023962322)	(136, 0.22653013837894886)
mehreen_1038_MERGE_2_val_2 - polyg	(1, 0.06729530593445464)	(2, 0.06864322086824624)	(3, 0.07051041450603955)	(4, 0.07151783527995384)	(5, 0.07249110619712529)	(6, 0.07347743441246311)	(7, 0.07411322439241103)	(8, 0.07472490859112868)	(9, 0.0752150594761438)	(10, 0.0759236690035581)	(12, 0.07696975946819593)	(14, 0.07764421913886738)	(16, 0.07822426449972031)	(18, 0.07874705863015141)	(20, 0.079184980322501)	(22, 0.07963746592434387)	(24, 0.08006735235628337)	(26, 0.08052536219965817)	(28, 0.08094420014853379)	(30, 0.08137709980312707)	(32, 0.08182305675588675)	(34, 0.08225394759537752)	(36, 0.08270040675191281)	(38, 0.08315690998396072)	(40, 0.08362295508774559)	(42, 0.08412465665960023)	(44, 0.08466553012595401)	(46, 0.08516371627137923)	(48, 0.08568399938293218)	(50, 0.0862469698154137)	(52, 0.086776292594928)	(54, 0.08730862859709607)	(56, 0.08785653291630868)	(58, 0.08838033145429103)	(60, 0.08892120492064483)	(62, 0.08941788445474315)	(64, 0.089930132305886)	(66, 0.09049360494214316)	(68, 0.09103799383492636)	(70, 0.0916376251430289)	(72, 0.09261441148662974)	(74, 0.09436760486735497)	(76, 0.09504809098333397)	(78, 0.09572054183890288)	(80, 0.09629456075444828)	(82, 0.09690423613806341)	(84, 0.09749030794422392)	(86, 0.09808039738058948)	(88, 0.09868454852267268)	(90, 0.09924701675137856)	(92, 0.09980094751589874)	(94, 0.10033278131429119)	(96, 0.10091433328647102)	(98, 0.10149739186997775)	(100, 0.10202571024194079)	(102, 0.10257964100646097)	(104, 0.1031395982162887)	(106, 0.10390596117790048)	(108, 0.10469843873584503)	(110, 0.10558231738095428)	(112, 0.10650787893944083)	(114, 0.10739527301097951)	(116, 0.10838411224519548)	(118, 0.10953867872536946)	(120, 0.1111376955469762)	(122, 0.11301443105650646)	(124, 0.11495293763043928)	(126, 0.11712496896004014)	(128, 0.1194431415883494)	(130, 0.12163275005009734)	(132, 0.12369479875283518)	(134, 0.1252139651741167)	(136, 0.1264770076698268)
mehreen_1039_MERGE_1_val_1 - polyg	(1, 0.010157952733762497)	(2, 0.015160273571173784)	(3, 0.016995625962483177)	(4, 0.018143268746547765)	(5, 0.02027940283444406)	(6, 0.022208201966440647)	(7, 0.023863961402991844)	(8, 0.025694933478331527)	(9, 0.027928894622884726)	(10, 0.030159935556791452)	(12, 0.03262386328975454)	(14, 0.03480307048468634)	(16, 0.03684283762124897)	(18, 0.03849640689981531)	(20, 0.04008354138617435)	(22, 0.04173930082272555)	(24, 0.043175314408129516)	(26, 0.0445806657817455)	(28, 0.045966305733497775)	(30, 0.04723951757536078)	(32, 0.04852222010182483)	(34, 0.0497435982047129)	(36, 0.05100877946729809)	(38, 0.05219876530573656)	(40, 0.05331428577268993)	(42, 0.054448787608845375)	(44, 0.055961456723719306)	(46, 0.057084277717288856)	(48, 0.058196147920934124)	(50, 0.059333569967736054)	(52, 0.06039725669571448)	(54, 0.06145437294973836)	(56, 0.06257354367999982)	(58, 0.06368176362033699)	(60, 0.06476954208614884)	(62, 0.06595222739797113)	(64, 0.0675641836748252)	(66, 0.06897610552239575)	(68, 0.07171453305612747)	(70, 0.07575683464351017)	(72, 0.07736368055173291)	(74, 0.07855731665347948)	(76, 0.07975095275522605)	(78, 0.08094969922560394)	(80, 0.08204842848134007)	(82, 0.08311430536730335)	(84, 0.08414221951486248)	(86, 0.0852365684546289)	(88, 0.08624112091701622)	(90, 0.08727706564385315)	(92, 0.08831082021270523)	(94, 0.08935990588745128)	(96, 0.09044768435326314)	(98, 0.09158218618941859)	(100, 0.09281159487158447)	(102, 0.09408407666078586)	(104, 0.09537553981918932)	(106, 0.09660348839603196)	(108, 0.09796284645196596)	(110, 0.09943901293375897)	(112, 0.10109696252829502)	(114, 0.10306591455668063)	(116, 0.1055210816577043)	(118, 0.10864132673346259)	(120, 0.11194481502728718)	(122, 0.11565056233766366)	(124, 0.1197060048729555)	(126, 0.12352637045120612)	(128, 0.12685760074617222)	(130, 0.12950623180252485)	(132, 0.13156059999231984)	(134, 0.1331951879016841)	(136, 0.13462025069716377)
mehreen_1039_MERGE_2_val_2 - polya	(1, 0.0038721993172255486)	(2, 0.004472302605076114)	(3, 0.0051249696845632265)	(4, 0.005596583703968902)	(5, 0.005942628665576163)	(6, 0.006347077840112919)	(7, 0.0073676914610558515)	(8, 0.00859856024854497)	(9, 0.009711160504851856)	(10, 0.010506187853354613)	(12, 0.011878686857197757)	(14, 0.013257026282333849)	(16, 0.014639746023439655)	(18, 0.016131243611126646)	(20, 0.017666544358510755)	(22, 0.01916315231482908)	(24, 0.02072473495803146)	(26, 0.022287777706557085)	(28, 0.02373182187123886)	(30, 0.02515688466671855)	(32, 0.026628670832541834)	(34, 0.028087316050455984)	(36, 0.02956786284821869)	(38, 0.031052059909289498)	(40, 0.03256545907682505)	(42, 0.03412777177268905)	(44, 0.03576747005068463)	(46, 0.037401327907387275)	(48, 0.03900014323633221)	(50, 0.04053617403637794)	(52, 0.04200138972824666)	(54, 0.043545451107570195)	(56, 0.04503621864259556)	(58, 0.046671536604621436)	(60, 0.04830101414535436)	(62, 0.04990639994825387)	(64, 0.05147017274944111)	(66, 0.05304562639321425)	(68, 0.054610129247063106)	(70, 0.056216975155285856)	(72, 0.057855213327958205)	(74, 0.05949345150063055)	(76, 0.06104627351189351)	(78, 0.0626239173136515)	(80, 0.0642059414313792)	(82, 0.06587484181583955)	(84, 0.0674824177767239)	(86, 0.06908415331631532)	(88, 0.07068223859259865)	(90, 0.07233215760785688)	(92, 0.07394557399003421)	(94, 0.07547868457943345)	(96, 0.07698113295704473)	(98, 0.0784405082276205)	(100, 0.0799714286590349)	(102, 0.08145051535147435)	(104, 0.08291719114866632)	(106, 0.0845014054243789)	(108, 0.08586952411225231)	(110, 0.08726538480126725)	(112, 0.08864007396309526)	(114, 0.09001841338823134)	(116, 0.09142084455120086)	(118, 0.09277655234382677)	(120, 0.09411546892523545)	(122, 0.09532881644884572)	(124, 0.0966210096599108)	(126, 0.09792196350291532)	(128, 0.09912947060523264)	(130, 0.10028149370526693)	(132, 0.10147220959636702)	(134, 0.10259576064259819)	(136, 0.10374559358464763)
mehreen_1039_MERGE_2_val_2 - polyg	(1, 0.20313277277943168)	(2, 0.20663118513390846)	(3, 0.21211534072798807)	(4, 0.2145887591455522)	(5, 0.21679351818364065)	(6, 0.21897491553655732)	(7, 0.22048466444078477)	(8, 0.22200317397695166)	(9, 0.22318293907812747)	(10, 0.2253716369576603)	(12, 0.22820643144272568)	(14, 0.22990234377566593)	(16, 0.23122446914585737)	(18, 0.23242832598486657)	(20, 0.23333359128527376)	(22, 0.23421403479518593)	(24, 0.23505505546137065)	(26, 0.23598003218364155)	(28, 0.236865586062185)	(30, 0.23774091920346582)	(32, 0.23869144776889337)	(34, 0.23961934470181073)	(36, 0.24061367642693537)	(38, 0.24150653083209506)	(40, 0.2424154463958103)	(42, 0.24339152680439452)	(44, 0.24438439842419593)	(46, 0.24540209183449238)	(48, 0.2464409567719758)	(50, 0.2475345756590806)	(52, 0.24862235412489245)	(54, 0.24971597301199724)	(56, 0.2507665187920666)	(58, 0.25180903399285803)	(60, 0.25293039488110436)	(62, 0.2540371547161183)	(64, 0.2551920980267991)	(66, 0.25633317033690906)	(68, 0.25748519343694337)	(70, 0.25863429632633117)	(72, 0.26125226517089584)	(74, 0.26716569173000726)	(76, 0.26850971868004725)	(78, 0.2698172429970063)	(80, 0.27101452936206105)	(82, 0.27224977846551984)	(84, 0.27347699698970085)	(86, 0.27473414767300824)	(88, 0.2759650164604973)	(90, 0.2771915049320168)	(92, 0.2784187234561978)	(94, 0.2796094393472979)	(96, 0.28092718440151965)	(98, 0.2822113470333069)	(100, 0.28352909208752863)	(102, 0.28489940093338695)	(104, 0.28638067778381127)	(106, 0.2881948586479337)	(108, 0.29045145142499706)	(110, 0.29301612642526353)	(112, 0.2957202414838992)	(114, 0.2987098071332277)	(116, 0.30255937481794315)	(118, 0.30778071145384)	(120, 0.31541779234703315)	(122, 0.32609846278651466)	(124, 0.3383516666591228)	(126, 0.35484355628508907)	(128, 0.37426441718946957)	(130, 0.3925967695753766)	(132, 0.4091295421503935)	(134, 0.4200737616007193)	(136, 0.42635075438531683)
mehreen_1040_MERGE_2_val_2 - polyg	(1, 0.09977722245142051)	(2, 0.10096522054520182)	(3, 0.10260502999455992)	(4, 0.10370133696029772)	(5, 0.10486674448630019)	(6, 0.10601221915838016)	(7, 0.10689989558639573)	(8, 0.10786863228702948)	(9, 0.10862076530837202)	(10, 0.10993168266800878)	(12, 0.11159806925593022)	(14, 0.11278208077892704)	(16, 0.11376477047730654)	(18, 0.11467902404388544)	(20, 0.11548630462774692)	(22, 0.11632680663481254)	(24, 0.11719455020890561)	(26, 0.11805764278375008)	(28, 0.11893070178555581)	(30, 0.11978316350497495)	(32, 0.12064359836596311)	(34, 0.12154987879097301)	(36, 0.12247343435604909)	(38, 0.12344947976978776)	(40, 0.12445675332133836)	(42, 0.1254135303096186)	(44, 0.12635436101476086)	(46, 0.12735100371088612)	(48, 0.12844332410583942)	(50, 0.129522355931511)	(52, 0.13061002532721575)	(54, 0.13167311086974937)	(56, 0.13272157898607312)	(58, 0.13372287268144697)	(60, 0.13480655550636716)	(62, 0.13590684904288947)	(64, 0.13699916943784274)	(66, 0.1380649126942327)	(68, 0.13912600495137406)	(70, 0.14024955348413928)	(72, 0.14181096037473553)	(74, 0.14436967438992113)	(76, 0.1456593300387072)	(78, 0.1468280597070301)	(80, 0.14794961495440306)	(82, 0.14903861320703593)	(84, 0.15011100074806671)	(86, 0.15119667685837918)	(88, 0.15231025896418315)	(90, 0.15340922364377726)	(92, 0.15456400031435438)	(94, 0.15566230056548444)	(96, 0.15674930553272504)	(98, 0.15778847165055165)	(100, 0.15881966462680924)	(102, 0.1598701260285253)	(104, 0.16100496984517992)	(106, 0.16223349807527032)	(108, 0.16341352302748263)	(110, 0.164689225678523)	(112, 0.16599216989659074)	(114, 0.1672233558405375)	(116, 0.1685169980601081)	(118, 0.16996545211181013)	(120, 0.171738811682449)	(122, 0.173552701389397)	(124, 0.17540313466186958)	(126, 0.17741701733650667)	(128, 0.17960763798259)	(130, 0.18186536590354577)	(132, 0.18405199997884458)	(134, 0.18577552741467723)	(136, 0.1873183303082791)
mehreen_1041_MERGE_2_val_2 - polyg	(1, 0.07566868182825853)	(2, 0.0764964632447707)	(3, 0.07763958996281133)	(4, 0.07840114886600252)	(5, 0.07915167068364024)	(6, 0.08004567461347338)	(7, 0.08063064014780864)	(8, 0.08129917218704896)	(9, 0.08181791520806325)	(10, 0.08266146388965184)	(12, 0.08378251643658548)	(14, 0.0845819167759601)	(16, 0.08521576083203228)	(18, 0.08578968928081404)	(20, 0.08631237411809745)	(22, 0.08682481023308117)	(24, 0.08734670670711076)	(26, 0.08785598936907921)	(28, 0.0883447745864483)	(30, 0.08893447030030649)	(32, 0.08954624018527167)	(34, 0.09010991991175377)	(36, 0.09062708620626042)	(38, 0.09125856517257114)	(40, 0.09194128775038023)	(42, 0.0926500263155654)	(44, 0.09335797651749678)	(46, 0.09406750344593579)	(48, 0.09478885582318211)	(50, 0.09551572674320519)	(52, 0.09628595764218842)	(54, 0.09706801398997895)	(56, 0.09776492710635683)	(58, 0.09846972385527292)	(60, 0.09920684349759565)	(62, 0.09995657695197953)	(64, 0.10070315695334814)	(66, 0.10147102276256989)	(68, 0.10222706312298435)	(70, 0.10298073839363733)	(72, 0.10398511317900544)	(74, 0.1053308492532781)	(76, 0.10621066264454246)	(78, 0.10707313204422277)	(80, 0.10788120437938942)	(82, 0.10865222364162647)	(84, 0.1094003803695027)	(86, 0.11014538364436366)	(88, 0.1108895985559708)	(90, 0.11163381346757792)	(92, 0.11244109743949075)	(94, 0.11318215889808261)	(96, 0.1139358341687356)	(98, 0.11465797490923574)	(100, 0.1154029781840967)	(102, 0.11608964257817489)	(104, 0.11680468804939065)	(106, 0.11759699311948085)	(108, 0.11845236724987679)	(110, 0.11941968896231529)	(112, 0.12043037065371395)	(114, 0.12142765016979767)	(116, 0.12268035938011944)	(118, 0.12406157180081404)	(120, 0.12591816726356275)	(122, 0.1283045428328793)	(124, 0.1305261504821472)	(126, 0.13316637901919412)	(128, 0.1359240736810604)	(130, 0.13861948764587478)	(132, 0.14114934532738677)	(134, 0.14312104182519336)	(136, 0.14464100617856052)
mehreen_1042_MERGE_2_val_2 - polyg	(1, 0.10813148762137818)	(2, 0.10966257924250779)	(3, 0.11171394471547753)	(4, 0.11301091310327906)	(5, 0.11418772300625082)	(6, 0.11550203385578037)	(7, 0.11640012562383777)	(8, 0.11747040326190894)	(9, 0.11827187274319603)	(10, 0.11949018067958839)	(12, 0.12107144156500257)	(14, 0.12206305875166458)	(16, 0.12288310944194597)	(18, 0.12369139203319762)	(20, 0.12440429108494527)	(22, 0.12512090637849177)	(24, 0.12578239741868855)	(26, 0.12646185029424645)	(28, 0.12714378066433693)	(30, 0.12791242334306746)	(32, 0.12858320498776138)	(34, 0.12934565393016045)	(36, 0.13008208917996752)	(38, 0.13087302930949118)	(40, 0.13164414948275427)	(42, 0.13241341153511793)	(44, 0.13322231350000274)	(46, 0.1339946724205321)	(48, 0.1347806575609906)	(50, 0.13560008887763886)	(52, 0.13645172762321053)	(54, 0.13727549455529078)	(56, 0.13806891217934703)	(58, 0.13890382783682384)	(60, 0.13977900278045496)	(62, 0.14059967284436947)	(64, 0.14144078223817774)	(66, 0.1422893241155837)	(68, 0.14316821530101365)	(70, 0.14410346948705965)	(72, 0.14526293692830344)	(74, 0.14677296984590615)	(76, 0.14775839329623675)	(78, 0.14878717290088733)	(80, 0.1496945552734419)	(82, 0.15056167835984213)	(84, 0.1514219883362778)	(86, 0.15228849204904493)	(88, 0.1531587120036109)	(90, 0.1540450356726386)	(92, 0.15495799240789143)	(94, 0.15580157929623223)	(96, 0.15668480609709423)	(98, 0.15747636560025102)	(100, 0.1583366755766867)	(102, 0.15920194054218756)	(104, 0.16007959298035124)	(106, 0.1610321896281252)	(108, 0.1621904183221027)	(110, 0.1634855285890048)	(112, 0.1648066525484989)	(114, 0.1662603224654856)	(116, 0.16796917431932729)	(118, 0.1700577022102856)	(120, 0.17294646083526474)	(122, 0.17677418988808874)	(124, 0.18110485033102486)	(126, 0.18680804274500595)	(128, 0.1930426577362238)	(130, 0.1989675859108701)	(132, 0.20395478240493786)	(134, 0.20745548217946236)	(136, 0.20983139943619905)
mehreen_1043_MERGE_2_val_2 - polyg	(1, 0.12845187661770144)	(2, 0.12937410547801542)	(3, 0.13064442071944574)	(4, 0.13161766223906124)	(5, 0.1326289131910975)	(6, 0.13388622520564702)	(7, 0.134798451583745)	(8, 0.13591972984015713)	(9, 0.1367009237012257)	(10, 0.13795573509522124)	(12, 0.13961264627429942)	(14, 0.14065590516942683)	(16, 0.14147160759414057)	(18, 0.14214827551605208)	(20, 0.14279593623953718)	(22, 0.14343559497724956)	(24, 0.14409275805883986)	(26, 0.1447599236226462)	(28, 0.14542358831767693)	(30, 0.14615827063644116)	(32, 0.1468549435227846)	(34, 0.1475401135545797)	(36, 0.14825429078480115)	(38, 0.1489689681391334)	(40, 0.1497166536847784)	(42, 0.15050434915928737)	(44, 0.1512995464954583)	(46, 0.15208074035652686)	(48, 0.15291544749745095)	(50, 0.15375365550715064)	(52, 0.15462237108760912)	(54, 0.15542407003722042)	(56, 0.15623827208960175)	(58, 0.15709448456729022)	(60, 0.15794769630031388)	(62, 0.1587683999661356)	(64, 0.1595871031355141)	(66, 0.16043481350331898)	(68, 0.1613115310695502)	(70, 0.1622247576958698)	(72, 0.16350307492307292)	(74, 0.16548556689828148)	(76, 0.16644730556334858)	(78, 0.16746655850115766)	(80, 0.1684047913330172)	(82, 0.16929751287079403)	(84, 0.170192234905014)	(86, 0.1711174645099928)	(88, 0.17195467227147088)	(90, 0.1727838780471762)	(92, 0.17363108829087026)	(94, 0.17444429009502999)	(96, 0.175316506544264)	(98, 0.17619472448282764)	(100, 0.1770644403115077)	(102, 0.17790814968642618)	(104, 0.17873235422102351)	(106, 0.17960807153903313)	(108, 0.18057281094876504)	(110, 0.18150904328418138)	(112, 0.1824882862931265)	(114, 0.18353404580880792)	(116, 0.18459780979247808)	(118, 0.18577910294218614)	(120, 0.1872439664627174)	(122, 0.1889003775176848)	(124, 0.1905387841046634)	(126, 0.19241124877549612)	(128, 0.19429571642498802)	(130, 0.19618068419859072)	(132, 0.1981506730710293)	(134, 0.1997445686121468)	(136, 0.2010879019737538)
mehreen_1045_MERGE_2_val_2 - polyg	(1, 0.09780419710080623)	(2, 0.09952370580934013)	(3, 0.1018969923872671)	(4, 0.10318753531904305)	(5, 0.10443919183479564)	(6, 0.10584760921514247)	(7, 0.10678209840020433)	(8, 0.10777127160779909)	(9, 0.10854778472776598)	(10, 0.1097532636244908)	(12, 0.1114022907039823)	(14, 0.11251541436265158)	(16, 0.11358357560279383)	(18, 0.11447857077158197)	(20, 0.11523381788278605)	(22, 0.11598116619073542)	(24, 0.11674188170419281)	(26, 0.11750138201714946)	(28, 0.11831374355188792)	(30, 0.11915040909664097)	(32, 0.11990930180934727)	(34, 0.12073260014859229)	(36, 0.12154860728483292)	(38, 0.12239074123183927)	(40, 0.12324806518510475)	(42, 0.12410478153811985)	(44, 0.12498823230215106)	(46, 0.12588322747093916)	(48, 0.12682318505825435)	(50, 0.12767868621076872)	(52, 0.1286004157905729)	(54, 0.12953976577763773)	(56, 0.1305028121744668)	(58, 0.13142514935452132)	(60, 0.13240277815735918)	(62, 0.13339863496770793)	(64, 0.13430942774300555)	(66, 0.13522872692180832)	(68, 0.13618326691513222)	(70, 0.13719978213399342)	(72, 0.13853346468354533)	(74, 0.14057864712627502)	(76, 0.14169420118594575)	(78, 0.14290211048367205)	(80, 0.1439119420997792)	(82, 0.14493028011939152)	(84, 0.14589514931697165)	(86, 0.1469250317413409)	(88, 0.14788990093892102)	(90, 0.14896292298106617)	(92, 0.1499593873916653)	(94, 0.1508799017709688)	(96, 0.15188730298607453)	(98, 0.15273733573633563)	(100, 0.15367850852415152)	(102, 0.15464702332323382)	(104, 0.15565807013984173)	(106, 0.15677909260176578)	(108, 0.15798153349723876)	(110, 0.15925749402300596)	(112, 0.16055472055753595)	(114, 0.16189326390909076)	(116, 0.1634414293470216)	(118, 0.1653590157371746)	(120, 0.16777726473362858)	(122, 0.17065242911835732)	(124, 0.17368617716843143)	(126, 0.17753593235474613)	(128, 0.18188027414485824)	(130, 0.1860921590803907)	(132, 0.19034353803219692)	(134, 0.19338579248577611)	(136, 0.19557193818659058)
mehreen_1046_MERGE_2_val_2 - polyg	(1, 0.13277732187132438)	(2, 0.13478614554292742)	(3, 0.13748843291443272)	(4, 0.1388765942354115)	(5, 0.14023020576351253)	(6, 0.14168129706437566)	(7, 0.14275110672240995)	(8, 0.14405412748236868)	(9, 0.14492897759487886)	(10, 0.14629801313765745)	(12, 0.14808102923438127)	(14, 0.14925819003457125)	(16, 0.15024100824982423)	(18, 0.1511170922835086)	(20, 0.15185436018509507)	(22, 0.15261692347075276)	(24, 0.15328262394423547)	(26, 0.15397978940766033)	(28, 0.15465844605347218)	(30, 0.15535005887161313)	(32, 0.15607930628556732)	(34, 0.156781407433689)	(36, 0.15750571916294637)	(38, 0.15823434961631344)	(40, 0.15898889241433878)	(42, 0.1597372656064931)	(44, 0.16052450731563483)	(46, 0.1613123659853637)	(48, 0.16215575110793165)	(50, 0.16296520339820905)	(52, 0.16378822882140265)	(54, 0.164573002688196)	(56, 0.16534975606735697)	(58, 0.16611231935301465)	(60, 0.16689462537745958)	(62, 0.16769297237716912)	(64, 0.16844134556932344)	(66, 0.16924833001725242)	(68, 0.1700781420069042)	(70, 0.17087463812485243)	(72, 0.17291184198346216)	(74, 0.17727251941309674)	(76, 0.17823929665308508)	(78, 0.17925357985828022)	(80, 0.18012781301020325)	(82, 0.18099464263508114)	(84, 0.18181643413710052)	(86, 0.18263699171794576)	(88, 0.18346988851053303)	(90, 0.18427193727376517)	(92, 0.18508817613050071)	(94, 0.18584271892852602)	(96, 0.18671078247457806)	(98, 0.1874647083120163)	(100, 0.18825565178468068)	(102, 0.18904906309969338)	(104, 0.18993995418746823)	(106, 0.19084688625050766)	(108, 0.19194631001672285)	(110, 0.193300538505411)	(112, 0.19476520293919036)	(114, 0.1963958297709001)	(116, 0.19849658056998126)	(118, 0.20118837961150585)	(120, 0.20557743722814711)	(122, 0.21216164061369613)	(124, 0.21949730199433498)	(126, 0.22963334747982828)	(128, 0.2423939433028521)	(130, 0.2550237434814103)	(132, 0.26669170210467713)	(134, 0.2754704342985468)	(136, 0.28074544731826606)
mehreen_1049_MERGE_2_val_2 - polyg	(1, 0.10033671561013799)	(2, 0.1022136268085921)	(3, 0.10514707062368148)	(4, 0.10645105159853745)	(5, 0.10783819986391573)	(6, 0.10921302704921662)	(7, 0.11016585724186728)	(8, 0.11120904202175207)	(9, 0.11205303600705255)	(10, 0.11339654711382344)	(12, 0.11514254683645539)	(14, 0.1164085378144061)	(16, 0.11754259055986156)	(18, 0.11856626696295716)	(20, 0.11939948000318992)	(22, 0.12018854250647876)	(24, 0.12092575379777529)	(26, 0.121745105622921)	(28, 0.1225670243397495)	(30, 0.12340383102833818)	(32, 0.12425757920203326)	(34, 0.12509027886392948)	(36, 0.12593427284922995)	(38, 0.12673257616257683)	(40, 0.12759864541634924)	(42, 0.12846625480513138)	(44, 0.1293795548658671)	(46, 0.13031493019507484)	(48, 0.13128418849449536)	(50, 0.13225293341557928)	(52, 0.13319036225813322)	(54, 0.13411238975059042)	(56, 0.13501850251461436)	(58, 0.1359318025753501)	(60, 0.13685485682448045)	(62, 0.1378040933687752)	(64, 0.13871071951113567)	(66, 0.13962145268018863)	(68, 0.1405342393625878)	(70, 0.1415543221173275)	(72, 0.14270736986123558)	(74, 0.14411710677342238)	(76, 0.14517466614673077)	(78, 0.14630923227052278)	(80, 0.14730672637845393)	(82, 0.14830319372971199)	(84, 0.14925602392236265)	(86, 0.15021347452004233)	(88, 0.1511493632275866)	(90, 0.15209192585350612)	(92, 0.15303038145273318)	(94, 0.15398013137536448)	(96, 0.15500586129180632)	(98, 0.15598436040128483)	(100, 0.1569176822171463)	(102, 0.15787307930147976)	(104, 0.15884798476260242)	(106, 0.15996766291463427)	(108, 0.16132452185815563)	(110, 0.16296168537343741)	(112, 0.16468869009761672)	(114, 0.16654403940593543)	(116, 0.16886245597382896)	(118, 0.1720741508473325)	(120, 0.1768768051858276)	(122, 0.18317133697035876)	(124, 0.19045104178274364)	(126, 0.20089469728333226)	(128, 0.2137856273142903)	(130, 0.22630897845627318)	(132, 0.23851711529960978)	(134, 0.24696013542263395)	(136, 0.2515712996415931)
mehreen_1050_MERGE_2_val_2 - polyg	(1, 0.15379094506496768)	(2, 0.15715527023525236)	(3, 0.1614286299122946)	(4, 0.1633620911763149)	(5, 0.16536222351840485)	(6, 0.16719311389308722)	(7, 0.16846114651252758)	(8, 0.16988816401044177)	(9, 0.1708587410508021)	(10, 0.17238320089358733)	(12, 0.1745782179254194)	(14, 0.17601421037615067)	(16, 0.17721557191752135)	(18, 0.17834321063218042)	(20, 0.17928942708632298)	(22, 0.18017987061938803)	(24, 0.1810004377340916)	(26, 0.1818395958224877)	(28, 0.18268452352340903)	(30, 0.18361984182055946)	(32, 0.18444297320749647)	(34, 0.18527507954725053)	(36, 0.18613923928992276)	(38, 0.1871181502150418)	(40, 0.18806244346500928)	(42, 0.18900481351080164)	(44, 0.18998308336786235)	(46, 0.19093955691093867)	(48, 0.19195180337509254)	(50, 0.19297558906429693)	(52, 0.19401796572719382)	(54, 0.19502636578299754)	(56, 0.19598348039413221)	(58, 0.1969720073401267)	(60, 0.1979752788514635)	(62, 0.19891380248890572)	(64, 0.19989591875431656)	(66, 0.20091585803517076)	(68, 0.20199605771351103)	(70, 0.20305317894175023)	(72, 0.20431351874449027)	(74, 0.20627005845861163)	(76, 0.20736372056617747)	(78, 0.20849712889336178)	(80, 0.20951129856169073)	(82, 0.2105639323135214)	(84, 0.21160246256806814)	(86, 0.2126499677754319)	(88, 0.21364554647006836)	(90, 0.2146424073008215)	(92, 0.21562452356623238)	(94, 0.21660279342329303)	(96, 0.21765670931124045)	(98, 0.218654211210052)	(100, 0.219691459328482)	(102, 0.22077294114293894)	(104, 0.2219480188939168)	(106, 0.22330451890541114)	(108, 0.22497578333356133)	(110, 0.22687719119466354)	(112, 0.22871897972633803)	(114, 0.23068834080162665)	(116, 0.23313978505680355)	(118, 0.23644000342125202)	(120, 0.24114287869739687)	(122, 0.24694069821722436)	(124, 0.2532815023824846)	(126, 0.2619423318509575)	(128, 0.2718147799497349)	(130, 0.28128656051203593)	(132, 0.29005252514208024)	(134, 0.2959772761374634)	(136, 0.2995268699766147)
mehreen_1051_MERGE_2_val_2 - polyg	(1, 0.20395359903093957)	(2, 0.20587401979717682)	(3, 0.20894505513764147)	(4, 0.21076310805919657)	(5, 0.21258935040832622)	(6, 0.2145043115561804)	(7, 0.2158323637278569)	(8, 0.21723548565230033)	(9, 0.21835061270703796)	(10, 0.22016730072399726)	(12, 0.22265210954058212)	(14, 0.22404635958515307)	(16, 0.2251328236433797)	(18, 0.22610600062015807)	(20, 0.22692699073450895)	(22, 0.2277063512586891)	(24, 0.22845568388176246)	(26, 0.2291852253881973)	(28, 0.2299693630784626)	(30, 0.23071323608315292)	(32, 0.23145847399243902)	(34, 0.2322119013292997)	(36, 0.2329817075213095)	(38, 0.2337603855931918)	(40, 0.23454657064035073)	(42, 0.23535049944725459)	(44, 0.23615033354037118)	(46, 0.23694948518118986)	(48, 0.23778958395988142)	(50, 0.23865561592589246)	(52, 0.23949025508620098)	(54, 0.24030032596378575)	(56, 0.24116158076371164)	(58, 0.24203921441878662)	(60, 0.24291684807386166)	(62, 0.24375080478187228)	(64, 0.2445663352778401)	(66, 0.24537504125082915)	(68, 0.24625949942888298)	(70, 0.24720401340915032)	(72, 0.24845017130508112)	(74, 0.2504845616050645)	(76, 0.2514925436490347)	(78, 0.25249779588381355)	(80, 0.2534122819629741)	(82, 0.2543445118018796)	(84, 0.2552535382626572)	(86, 0.2561755313170945)	(88, 0.2570736385411059)	(90, 0.25790623034452076)	(92, 0.258834365469639)	(94, 0.2597399796689271)	(96, 0.2607588809496635)	(98, 0.26171840888048425)	(100, 0.2626595105992622)	(102, 0.2636729522616155)	(104, 0.26470891484979897)	(106, 0.2658759082791755)	(108, 0.26721146742612867)	(110, 0.26874084302568013)	(112, 0.27033846385501964)	(114, 0.2721237590662764)	(116, 0.2743076064194957)	(118, 0.2771036134839143)	(120, 0.28135597375201105)	(122, 0.2868572217252301)	(124, 0.29290443153675405)	(126, 0.3008884409696643)	(128, 0.31043731352161574)	(130, 0.3195043747512632)	(132, 0.32814012612864984)	(134, 0.33418255877408853)	(136, 0.3378841800377953)
mehreen_1052_MERGE_2_val_2 - polyg	(1, 0.1150027678440371)	(2, 0.11693268906086163)	(3, 0.11953268524314573)	(4, 0.12069511391603527)	(5, 0.12193389690718935)	(6, 0.12326088230047662)	(7, 0.12418766574975662)	(8, 0.12509865175387844)	(9, 0.12584376458383933)	(10, 0.12709900324703322)	(12, 0.12873864640907617)	(14, 0.1297575816217789)	(16, 0.13059023862699137)	(18, 0.1313722121623214)	(20, 0.13200740110305662)	(22, 0.1326669444384107)	(24, 0.1332685638081848)	(26, 0.13386886672419568)	(28, 0.13447246077461456)	(30, 0.1351155484379289)	(32, 0.13579483857973068)	(34, 0.13645504014196636)	(36, 0.13712379865366275)	(38, 0.13784718999653114)	(40, 0.13860085977595274)	(42, 0.13932293466505796)	(44, 0.1400798955788875)	(46, 0.14082171727444048)	(48, 0.14161883002804704)	(50, 0.14241462632789045)	(52, 0.14324925801374772)	(54, 0.14410429473293432)	(56, 0.14488429358761956)	(58, 0.1456761405261734)	(60, 0.14646732923784567)	(62, 0.14723811291618863)	(64, 0.14801152950205793)	(66, 0.1488415535997441)	(68, 0.1496663118823775)	(70, 0.15052332328220885)	(72, 0.15169365067767748)	(74, 0.15332802802466772)	(76, 0.15437263408575247)	(78, 0.15535734150061248)	(80, 0.15626503637032635)	(82, 0.15709571869489408)	(84, 0.15798959080009453)	(86, 0.15886371609884725)	(88, 0.15974574012017906)	(90, 0.16059419457054974)	(92, 0.1614235604413543)	(94, 0.1622331795057111)	(96, 0.16311981111521406)	(98, 0.16398274655697975)	(100, 0.16487990979658815)	(102, 0.16577180722114382)	(104, 0.16674927414030632)	(106, 0.16778137389064088)	(108, 0.16898263794954427)	(110, 0.1704886610546243)	(112, 0.17208486124248223)	(114, 0.1739331623259895)	(116, 0.17647391808893043)	(118, 0.17949781238295903)	(120, 0.18364200882945542)	(122, 0.18920073484449063)	(124, 0.19485424553047492)	(126, 0.20166491907429604)	(128, 0.20913513595347127)	(130, 0.21602479672308328)	(132, 0.22236878740785648)	(134, 0.22686118587471443)	(136, 0.22988442194186146)
mehreen_1054_MERGE_2_val_2 - polyg	(1, 0.13119143564695032)	(2, 0.1324680128659095)	(3, 0.13452973132732637)	(4, 0.13586528086346572)	(5, 0.13710138688436008)	(6, 0.13848087657839842)	(7, 0.13948456229040618)	(8, 0.14066053967417563)	(9, 0.14148615211469814)	(10, 0.14285523492923408)	(12, 0.14468453308176438)	(14, 0.1458235082273031)	(16, 0.14675608026271125)	(18, 0.14757417662359318)	(20, 0.14829514210911948)	(22, 0.14902535815420348)	(24, 0.14973071332047622)	(26, 0.15046844544520083)	(28, 0.15118941093072713)	(30, 0.1519681924134889)	(32, 0.15275622445580836)	(34, 0.15354367833815546)	(36, 0.15431899086108314)	(38, 0.15519201241933872)	(40, 0.15606792477745612)	(42, 0.15692996129623696)	(44, 0.15780876445421613)	(46, 0.1586771607326929)	(48, 0.15957330868984265)	(50, 0.16050819336514022)	(52, 0.1614031850023453)	(54, 0.16227736288054562)	(56, 0.16314518099905)	(58, 0.16397079343957255)	(60, 0.1648906459555889)	(62, 0.1657734962333745)	(64, 0.166670800510469)	(66, 0.16754093126886282)	(68, 0.1683977643478925)	(70, 0.16929738126487642)	(72, 0.17058320904339327)	(74, 0.17240672559620002)	(76, 0.1734526169861897)	(78, 0.17449214861648343)	(80, 0.17539060921352262)	(82, 0.17629253877039597)	(84, 0.1772048752067717)	(86, 0.17809524156419793)	(88, 0.17891680688491396)	(90, 0.1797256526862382)	(92, 0.1805512651267607)	(94, 0.1813641580478914)	(96, 0.18223313248634054)	(98, 0.18305469780705658)	(100, 0.18384851144909958)	(102, 0.18472268932729988)	(104, 0.18557720976644015)	(106, 0.18646815428383873)	(108, 0.18748513767521066)	(110, 0.18858884506243578)	(112, 0.18969717772943975)	(114, 0.19080551039644372)	(116, 0.19193581314239716)	(118, 0.19330027067715425)	(120, 0.19501046787537946)	(122, 0.1969958692204455)	(124, 0.19904949344224943)	(126, 0.20146620212669208)	(128, 0.20406850016226058)	(130, 0.20672514523523045)	(132, 0.20955119118010024)	(134, 0.21151635692613385)	(136, 0.2130987807704687)
mehreen_1055_MERGE_2_val_2 - polyg	(1, 0.1114862197669928)	(2, 0.11336086556150272)	(3, 0.11573409972913402)	(4, 0.11711015715052259)	(5, 0.11830723413027784)	(6, 0.11956242164303092)	(7, 0.12037945573698039)	(8, 0.12125227594260776)	(9, 0.1219251959147226)	(10, 0.12305021583356054)	(12, 0.12460815922323232)	(14, 0.12563787786795383)	(16, 0.12644561427662365)	(18, 0.12720047010026542)	(20, 0.12785770022847087)	(22, 0.12845681982367846)	(24, 0.129058263840206)	(26, 0.12969050643922236)	(28, 0.13028381498113017)	(30, 0.13093465295070583)	(32, 0.13165348024388898)	(34, 0.13231942695204407)	(36, 0.1330283754546176)	(38, 0.13374604053714076)	(40, 0.13445324572372433)	(42, 0.13516974859558756)	(44, 0.13592402331389936)	(46, 0.1366480805550523)	(48, 0.13740293637869408)	(50, 0.13818103641553497)	(52, 0.13893705444983673)	(54, 0.13970701901205795)	(56, 0.1405054577354481)	(58, 0.14132016740807765)	(60, 0.1421697434005059)	(62, 0.1430414013954733)	(64, 0.14386308433206257)	(66, 0.14468186174200198)	(68, 0.14555526305295935)	(70, 0.14639554136010793)	(72, 0.1485421444490477)	(74, 0.15298992464470146)	(76, 0.15396385717774502)	(78, 0.1549203565508893)	(80, 0.15579027122986677)	(82, 0.1566776190687436)	(84, 0.15752487063985193)	(86, 0.15841105626806884)	(88, 0.15924552352191762)	(90, 0.16007476082779662)	(92, 0.1608999303963658)	(94, 0.16176752065402336)	(96, 0.16255375616548395)	(98, 0.16336497920613363)	(100, 0.1642006086706424)	(102, 0.1650734288762698)	(104, 0.16593753250194748)	(106, 0.16694052030148998)	(108, 0.16814340833454502)	(110, 0.16930678120516154)	(112, 0.17045097759988878)	(114, 0.1715818085720265)	(116, 0.17285675366599884)	(118, 0.17434380220541326)	(120, 0.17617079736286498)	(122, 0.17813667669418148)	(124, 0.1801083670787978)	(126, 0.18241012529084177)	(128, 0.1847711562465435)	(130, 0.18716937794336386)	(132, 0.18962919680516194)	(134, 0.19143643438139435)	(136, 0.19287873781040046)
mehreen_1057_MERGE_1_val_1 - polyg	(1, 0.004761726831657079)	(2, 0.007203061084390892)	(3, 0.008771083948329948)	(4, 0.009845496027298055)	(5, 0.011565399132766633)	(6, 0.01287606936522511)	(7, 0.014513000857265522)	(8, 0.016443848742636217)	(9, 0.018384540717735674)	(10, 0.02062829002662784)	(12, 0.02310056284708063)	(14, 0.02527680982640412)	(16, 0.02728289468327323)	(18, 0.02923272759883512)	(20, 0.030998335406615823)	(22, 0.03285324317122175)	(24, 0.03452251952951382)	(26, 0.0360856203485885)	(28, 0.03752707634458628)	(30, 0.03894532841479484)	(32, 0.04029256240910302)	(34, 0.04172487746463838)	(36, 0.04306226736921779)	(38, 0.04435113997441971)	(40, 0.0455992299221739)	(42, 0.04687122694498365)	(44, 0.04806376810069694)	(46, 0.04926334074907363)	(48, 0.050470648039380075)	(50, 0.05159357741772566)	(52, 0.0527608051998507)	(54, 0.053954049504830334)	(56, 0.055113542645025625)	(58, 0.056347569607453005)	(60, 0.05754292336023165)	(62, 0.058750933799804436)	(64, 0.06007285442052435)	(66, 0.06138774354858087)	(68, 0.06302959708548567)	(70, 0.06517560864635652)	(72, 0.06649612296854376)	(74, 0.06772030584124236)	(76, 0.06886222024977914)	(78, 0.06999218112078814)	(80, 0.0710968286182089)	(82, 0.07210584781540734)	(84, 0.07315986856565157)	(86, 0.07416115312092028)	(88, 0.07513923375039976)	(90, 0.07620028599330739)	(92, 0.07722125872803363)	(94, 0.07819582361118141)	(96, 0.07911694915008731)	(98, 0.08012104630242138)	(100, 0.08126225756169182)	(102, 0.08242737589601784)	(104, 0.08367335639597301)	(106, 0.08503395022634164)	(108, 0.08638680941478054)	(110, 0.08782404651518028)	(112, 0.0893878504835213)	(114, 0.09108173706613529)	(116, 0.09313352662531652)	(118, 0.0956283002222922)	(120, 0.098201826537098)	(122, 0.100860433913131)	(124, 0.10357107433487318)	(126, 0.10606866052891423)	(128, 0.10843827355648132)	(130, 0.11045209305528017)	(132, 0.11221910716159356)	(134, 0.1137048615613708)	(136, 0.11487138619422949)
mehreen_1057_MERGE_2_val_2 - polyg	(1, 0.18630080441541738)	(2, 0.1882597782714417)	(3, 0.19113706506930653)	(4, 0.1926980564405822)	(5, 0.19441655324751808)	(6, 0.1960984862926043)	(7, 0.1974063439279974)	(8, 0.1987873290870899)	(9, 0.19988705453964628)	(10, 0.2018622008287964)	(12, 0.20427259651381124)	(14, 0.205808977660765)	(16, 0.20701839439887043)	(18, 0.20814132377721603)	(20, 0.20915174927294716)	(22, 0.21011365746930083)	(24, 0.21100736018681943)	(26, 0.21190035975507174)	(28, 0.21284539236903322)	(30, 0.21383964543163853)	(32, 0.2148578055692994)	(34, 0.21583447990024618)	(36, 0.2168695156202992)	(38, 0.21790877023595032)	(40, 0.21894099335893802)	(42, 0.22001329599010708)	(44, 0.22112216238312588)	(46, 0.22215930755097796)	(48, 0.22334200461696246)	(50, 0.22449657571229337)	(52, 0.22573622786885145)	(54, 0.22689079896418238)	(56, 0.22818318731571602)	(58, 0.22935885288903712)	(60, 0.23055561294034846)	(62, 0.23176010763358956)	(64, 0.2329786653121574)	(66, 0.2341866757517302)	(68, 0.23541999956489124)	(70, 0.23670746587156047)	(72, 0.23835846034892771)	(74, 0.24083776466204387)	(76, 0.24231086237502697)	(78, 0.2437213798033058)	(80, 0.24499689257244728)	(82, 0.2462843588791165)	(84, 0.2475254173342073)	(86, 0.2488142899394092)	(88, 0.25006870823056043)	(90, 0.2513554713879633)	(92, 0.2526000455893858)	(94, 0.25381368122308934)	(96, 0.2551468522320707)	(98, 0.25635767526870884)	(100, 0.2577274100395399)	(102, 0.2590760503323808)	(104, 0.26039867410236706)	(106, 0.2619371646971198)	(108, 0.2636198008914723)	(110, 0.2656111196137483)	(112, 0.2677409587414933)	(114, 0.2704283952374463)	(116, 0.2737964802232167)	(118, 0.27766661378515417)	(120, 0.28357166132388073)	(122, 0.29237790273552766)	(124, 0.30168197382774364)	(126, 0.31301181795628624)	(128, 0.32603976756304087)	(130, 0.33808260504765264)	(132, 0.34930627363697786)	(134, 0.35820181500545)	(136, 0.3639149027944657)
mehreen_1058_MERGE_2_val_2 - polyg	(1, 0.07979243604170166)	(2, 0.08145793850862769)	(3, 0.08376771559981998)	(4, 0.08491509511716126)	(5, 0.0860955143588239)	(6, 0.08718882887273026)	(7, 0.0879952985073013)	(8, 0.08882729883793883)	(9, 0.08938747234575074)	(10, 0.09043948720425543)	(12, 0.09181739388902066)	(14, 0.09273199353046155)	(16, 0.09350917795483865)	(18, 0.0942450627238141)	(20, 0.09482701241356507)	(22, 0.09540595849201411)	(24, 0.095867012826862)	(26, 0.0963671141086351)	(28, 0.09692128039384312)	(30, 0.09750172827794314)	(32, 0.09805063824337276)	(34, 0.09859053737489659)	(36, 0.09916347623074175)	(38, 0.09971388800182235)	(40, 0.10027481241245975)	(42, 0.10082372237788939)	(44, 0.10136512331506417)	(46, 0.10191853869744671)	(48, 0.10250274109567414)	(50, 0.10305615647805669)	(52, 0.1037026838107994)	(54, 0.10430040245988556)	(56, 0.10485531964791908)	(58, 0.10540122600204678)	(60, 0.10592460527140993)	(62, 0.10645549356902792)	(64, 0.10702317610509468)	(66, 0.10757058426487334)	(68, 0.10819007909589858)	(70, 0.10882384108060802)	(72, 0.10976246961246446)	(74, 0.11130332221035996)	(76, 0.11195585676570655)	(78, 0.11260313500127472)	(80, 0.11323614608315871)	(82, 0.11388492612437787)	(84, 0.11448189387063855)	(86, 0.11504657279540337)	(88, 0.11564954776426793)	(90, 0.11619845772969757)	(92, 0.11680293450421311)	(94, 0.11732481196792527)	(96, 0.11790150533789787)	(98, 0.11845567162310588)	(100, 0.11905414117501756)	(102, 0.1196278309336882)	(104, 0.12031791063030903)	(106, 0.1210628062331903)	(108, 0.12204648893457581)	(110, 0.12341613568826071)	(112, 0.12480380410975725)	(114, 0.1265549094987886)	(116, 0.12880536526676753)	(118, 0.1316565432951346)	(120, 0.135879620785663)	(122, 0.14165256170799276)	(124, 0.14771084570400683)	(126, 0.15494504352473065)	(128, 0.1637133358179206)	(130, 0.17156627756684417)	(132, 0.17835744272053175)	(134, 0.18359724263676702)	(136, 0.1865640597002588)
